graph_id,start_node,end_node,speed,risk,cost,utility
Town01_T-Intersection,v_14_1,v_15_2,10,0.8269406160841366,13.804475827846233,86.19552417215377
Town01_T-Intersection,v_14_1,v_15_2,15,0.5880612958636345,12.536317218564156,87.46368278143585
Town01_T-Intersection,v_14_1,v_15_2,20,0.19068595734888943,11.902237913923116,88.09776208607688
Town01_T-Intersection,v_14_1,v_15_2,25,0.14930848721137535,11.521790331138494,88.47820966886151
Town01_T-Intersection,v_14_1,v_15_2,30,0.8116246291217878,11.268158609282077,88.73184139071792
Town01_T-Intersection,v_14_1,v_15_2,5,0.31140549847537646,17.608951655692465,82.39104834430753
Town01_T-Intersection,v_14_1,v_15_5,10,0.9264891496027426,44.159838911635724,55.840161088364276
Town01_T-Intersection,v_14_1,v_15_5,15,0.20710105262186468,42.77322594109048,57.22677405890952
Town01_T-Intersection,v_14_1,v_15_5,20,0.47772547798568044,42.07991945581786,57.92008054418214
Town01_T-Intersection,v_14_1,v_15_5,25,0.8406504811950838,41.66393556465429,58.33606443534571
Town01_T-Intersection,v_14_1,v_15_5,30,0.5919377149618124,41.386612970545244,58.613387029454756
Town01_T-Intersection,v_14_1,v_15_5,5,0.6831726596003113,48.31967782327144,51.68032217672856
Town01_T-Intersection,v_14_1,v_15_1,10,0.001,3.779856204347956,96.22014379565205
Town01_T-Intersection,v_14_1,v_15_1,15,0.001,2.5199041362319705,97.48009586376803
Town01_T-Intersection,v_14_1,v_15_1,20,0.001,1.889928102173978,98.11007189782602
Town01_T-Intersection,v_14_1,v_15_1,25,0.001,1.5119424817391822,98.48805751826082
Town01_T-Intersection,v_14_1,v_15_1,30,0.001,1.2599520681159853,98.74004793188402
Town01_T-Intersection,v_14_1,v_15_1,5,0.001,7.559712408695912,92.44028759130408
Town01_T-Intersection,v_14_1,v_15_3,10,0.9764484734064616,23.876986313928924,76.12301368607108
Town01_T-Intersection,v_14_1,v_15_3,15,0.8886722329846772,22.584657542619283,77.41534245738072
Town01_T-Intersection,v_14_1,v_15_3,20,0.10532087520230492,21.938493156964462,78.06150684303554
Town01_T-Intersection,v_14_1,v_15_3,25,0.5998430552235134,21.55079452557157,78.44920547442842
Town01_T-Intersection,v_14_1,v_15_3,30,0.21082391862079186,21.29232877130964,78.70767122869036
Town01_T-Intersection,v_14_1,v_15_3,5,0.7883463156332938,27.753972627857845,72.24602737214215
Town01_T-Intersection,v_14_1,v_15_7,10,0.9482816764069786,64.61042218434775,35.389577815652245
Town01_T-Intersection,v_14_1,v_15_7,15,0.5348857437537504,63.07361478956518,36.92638521043482
Town01_T-Intersection,v_14_1,v_15_7,20,0.7904013105930525,62.30521109217388,37.69478890782612
Town01_T-Intersection,v_14_1,v_15_7,25,0.93328005776774,61.84416887373911,38.15583112626089
Town01_T-Intersection,v_14_1,v_15_7,30,0.9545229014649631,61.536807394782585,38.463192605217415
Town01_T-Intersection,v_14_1,v_15_7,5,0.34814565305082756,69.22084436869552,30.779155631304477
Town01_T-Intersection,v_14_1,v_15_4,10,0.6923757152492734,33.99611223689841,66.00388776310159
Town01_T-Intersection,v_14_1,v_15_4,15,0.42552309999243865,32.66407482459894,67.33592517540106
Town01_T-Intersection,v_14_1,v_15_4,20,0.7135583363980383,31.998056118449206,68.0019438815508
Town01_T-Intersection,v_14_1,v_15_4,25,0.1487141384103439,31.598444894759364,68.40155510524063
Town01_T-Intersection,v_14_1,v_15_4,30,0.2404270497473988,31.33203741229947,68.66796258770053
Town01_T-Intersection,v_14_1,v_15_4,5,0.7301690948362369,37.992224473796824,62.007775526203176
Town01_T-Intersection,v_14_1,v_15_6,10,0.001,54.36558989088215,45.63441010911785
Town01_T-Intersection,v_14_1,v_15_6,15,0.001,52.9103932605881,47.0896067394119
Town01_T-Intersection,v_14_1,v_15_6,20,0.001,52.182794945441074,47.817205054558926
Town01_T-Intersection,v_14_1,v_15_6,25,0.001,51.74623595635286,48.25376404364714
Town01_T-Intersection,v_14_1,v_15_6,30,0.001,51.45519663029405,48.54480336970595
Town01_T-Intersection,v_14_1,v_15_6,5,0.001,58.7311797817643,41.2688202182357
Town01_T-Intersection,v_8_1,v_9_3,10,0.001,23.700830604597932,76.29916939540206
Town01_T-Intersection,v_8_1,v_9_3,15,0.001,22.467220403065287,77.53277959693472
Town01_T-Intersection,v_8_1,v_9_3,20,0.001,21.850415302298966,78.14958469770103
Town01_T-Intersection,v_8_1,v_9_3,25,0.001,21.48033224183917,78.51966775816084
Town01_T-Intersection,v_8_1,v_9_3,30,0.001,21.233610201532645,78.76638979846736
Town01_T-Intersection,v_8_1,v_9_3,5,0.001,27.401661209195865,72.59833879080414
Town01_T-Intersection,v_8_1,v_9_6,10,0.8849854546467698,54.20934707760904,45.79065292239096
Town01_T-Intersection,v_8_1,v_9_6,15,0.9021183261489537,52.80623138507269,47.19376861492731
Town01_T-Intersection,v_8_1,v_9_6,20,0.3560711424571209,52.10467353880452,47.89532646119548
Town01_T-Intersection,v_8_1,v_9_6,25,0.9875852816015249,51.68373883104361,48.31626116895639
Town01_T-Intersection,v_8_1,v_9_6,30,0.7721775669264366,51.403115692536346,48.596884307463654
Town01_T-Intersection,v_8_1,v_9_6,5,0.7067884200061216,58.41869415521807,41.58130584478193
Town01_T-Intersection,v_8_1,v_9_7,10,0.21361459431537702,64.46326332639023,35.53673667360977
Town01_T-Intersection,v_8_1,v_9_7,15,0.8307927536898481,62.97550888426016,37.02449111573984
Town01_T-Intersection,v_8_1,v_9_7,20,0.35190335042510146,62.23163166319512,37.76836833680488
Town01_T-Intersection,v_8_1,v_9_7,25,0.7533574243772246,61.78530533055609,38.21469466944391
Town01_T-Intersection,v_8_1,v_9_7,30,0.4266698774761857,61.487754442130075,38.512245557869925
Town01_T-Intersection,v_8_1,v_9_7,5,0.5721548107225897,68.92652665278047,31.073473347219533
Town01_T-Intersection,v_8_1,v_9_4,10,0.001,33.82499936476804,66.17500063523195
Town01_T-Intersection,v_8_1,v_9_4,15,0.001,32.54999957651203,67.45000042348798
Town01_T-Intersection,v_8_1,v_9_4,20,0.001,31.91249968238402,68.08750031761598
Town01_T-Intersection,v_8_1,v_9_4,25,0.001,31.529999745907215,68.47000025409278
Town01_T-Intersection,v_8_1,v_9_4,30,0.001,31.274999788256014,68.72500021174399
Town01_T-Intersection,v_8_1,v_9_4,5,0.001,37.64999872953608,62.35000127046392
Town01_T-Intersection,v_8_1,v_9_5,10,0.5878869633764485,43.99548704615353,56.00451295384647
Town01_T-Intersection,v_8_1,v_9_5,15,0.5282512776170297,42.663658030769014,57.336341969230986
Town01_T-Intersection,v_8_1,v_9_5,20,0.8166087751349623,41.997743523076764,58.002256476923236
Town01_T-Intersection,v_8_1,v_9_5,25,0.813829597087908,41.59819481846141,58.40180518153859
Town01_T-Intersection,v_8_1,v_9_5,30,0.28493469550983686,41.33182901538451,58.66817098461549
Town01_T-Intersection,v_8_1,v_9_5,5,0.9899909430991295,47.990974092307056,52.009025907692944
Town01_T-Intersection,v_8_1,v_9_2,10,0.001,13.625318607358066,86.37468139264193
Town01_T-Intersection,v_8_1,v_9_2,15,0.001,12.416879071572044,87.58312092842796
Town01_T-Intersection,v_8_1,v_9_2,20,0.001,11.812659303679032,88.18734069632097
Town01_T-Intersection,v_8_1,v_9_2,25,0.001,11.450127442943227,88.54987255705677
Town01_T-Intersection,v_8_1,v_9_2,30,0.001,11.208439535786022,88.79156046421397
Town01_T-Intersection,v_8_1,v_9_2,5,0.001,17.250637214716132,82.74936278528386
Town01_T-Intersection,v_8_1,v_9_1,10,0.001,3.5999725464013648,96.40002745359864
Town01_T-Intersection,v_8_1,v_9_1,15,0.001,2.3999816976009094,97.60001830239909
Town01_T-Intersection,v_8_1,v_9_1,20,0.001,1.7999862732006824,98.20001372679931
Town01_T-Intersection,v_8_1,v_9_1,25,0.001,1.4399890185605457,98.56001098143946
Town01_T-Intersection,v_8_1,v_9_1,30,0.001,1.1999908488004547,98.80000915119955
Town01_T-Intersection,v_8_1,v_9_1,5,0.001,7.1999450928027295,92.80005490719726
Town01_T-Intersection,v_8_2,v_9_3,10,0.7766682542262779,13.625324062287058,86.37467593771294
Town01_T-Intersection,v_8_2,v_9_3,15,0.6534423795199642,12.416882708191372,87.58311729180863
Town01_T-Intersection,v_8_2,v_9_3,20,0.2823307287643531,11.812662031143528,88.18733796885647
Town01_T-Intersection,v_8_2,v_9_3,25,0.6994388633907335,11.450129624914823,88.54987037508518
Town01_T-Intersection,v_8_2,v_9_3,30,0.1421883056896518,11.208441354095687,88.79155864590432
Town01_T-Intersection,v_8_2,v_9_3,5,0.5587278034767655,17.250648124574116,82.74935187542589
Town01_T-Intersection,v_8_2,v_9_6,10,0.7877540382538744,43.99549205487833,56.00450794512167
Town01_T-Intersection,v_8_2,v_9_6,15,0.176450400243977,42.663661369918884,57.336338630081116
Town01_T-Intersection,v_8_2,v_9_6,20,0.3984377396480193,41.99774602743916,58.00225397256084
Town01_T-Intersection,v_8_2,v_9_6,25,0.919794945221018,41.59819682195133,58.40180317804867
Town01_T-Intersection,v_8_2,v_9_6,30,0.9884740940369203,41.33183068495944,58.66816931504056
Town01_T-Intersection,v_8_2,v_9_6,5,0.8129265498831357,47.99098410975666,52.00901589024334
Town01_T-Intersection,v_8_2,v_9_7,10,0.001,54.20935171383982,45.79064828616018
Town01_T-Intersection,v_8_2,v_9_7,15,0.001,52.80623447589321,47.19376552410679
Town01_T-Intersection,v_8_2,v_9_7,20,0.001,52.10467585691991,47.89532414308009
Town01_T-Intersection,v_8_2,v_9_7,25,0.001,51.68374068553593,48.31625931446407
Town01_T-Intersection,v_8_2,v_9_7,30,0.001,51.40311723794661,48.59688276205339
Town01_T-Intersection,v_8_2,v_9_7,5,0.001,58.418703427679645,41.581296572320355
Town01_T-Intersection,v_8_2,v_9_4,10,0.8260629492811261,23.70083594719608,76.29916405280392
Town01_T-Intersection,v_8_2,v_9_4,15,0.34031836091101153,22.467223964797387,77.53277603520262
Town01_T-Intersection,v_8_2,v_9_4,20,0.5926094532780043,21.85041797359804,78.14958202640196
Town01_T-Intersection,v_8_2,v_9_4,25,0.1656739596468529,21.480334378878432,78.51966562112156
Town01_T-Intersection,v_8_2,v_9_4,30,0.5745219909962972,21.233611982398692,78.76638801760132
Town01_T-Intersection,v_8_2,v_9_4,5,0.8226837884253683,27.40167189439216,72.59832810560783
Town01_T-Intersection,v_8_2,v_9_5,10,0.5596396467093733,33.82500452736126,66.17499547263874
Town01_T-Intersection,v_8_2,v_9_5,15,0.3737267520686749,32.55000301824084,67.44999698175917
Town01_T-Intersection,v_8_2,v_9_5,20,0.28019040300878606,31.91250226368063,68.08749773631936
Town01_T-Intersection,v_8_2,v_9_5,25,0.5822127132989742,31.5300018109445,68.4699981890555
Town01_T-Intersection,v_8_2,v_9_5,30,0.33116579791532386,31.27500150912042,68.72499849087959
Town01_T-Intersection,v_8_2,v_9_5,5,0.4811514323910727,37.65000905472252,62.34999094527748
Town01_T-Intersection,v_8_2,v_9_2,10,0.001,3.5999780395654053,96.4000219604346
Town01_T-Intersection,v_8_2,v_9_2,15,0.001,2.39998535971027,97.60001464028973
Town01_T-Intersection,v_8_2,v_9_2,20,0.001,1.7999890197827026,98.2000109802173
Town01_T-Intersection,v_8_2,v_9_2,25,0.001,1.439991215826162,98.56000878417383
Town01_T-Intersection,v_8_2,v_9_2,30,0.001,1.199992679855135,98.80000732014487
Town01_T-Intersection,v_8_2,v_9_2,5,0.001,7.199956079130811,92.80004392086919
Town01_T-Intersection,v_8_2,v_9_1,10,0.001,13.625320197292838,86.37467980270716
Town01_T-Intersection,v_8_2,v_9_1,15,0.001,12.416880131528558,87.58311986847144
Town01_T-Intersection,v_8_2,v_9_1,20,0.001,11.812660098646418,88.18733990135358
Town01_T-Intersection,v_8_2,v_9_1,25,0.001,11.450128078917135,88.54987192108287
Town01_T-Intersection,v_8_2,v_9_1,30,0.001,11.208440065764279,88.79155993423572
Town01_T-Intersection,v_8_2,v_9_1,5,0.001,17.250640394585677,82.74935960541433
Town01_T-Intersection,v_9_3,v_10_2,10,0.001,13.62534163275311,86.3746583672469
Town01_T-Intersection,v_9_3,v_10_2,15,0.001,12.416894421835405,87.58310557816459
Town01_T-Intersection,v_9_3,v_10_2,20,0.001,11.812670816376555,88.18732918362345
Town01_T-Intersection,v_9_3,v_10_2,25,0.001,11.450136653101243,88.54986334689876
Town01_T-Intersection,v_9_3,v_10_2,30,0.001,11.208447210917702,88.7915527890823
Town01_T-Intersection,v_9_3,v_10_2,5,0.001,17.25068326550622,82.74931673449379
Town01_T-Intersection,v_9_3,v_10_7,10,0.5227992592042663,43.99551366517546,56.00448633482454
Town01_T-Intersection,v_9_3,v_10_7,15,0.9149971126123364,42.66367577678364,57.33632422321636
Town01_T-Intersection,v_9_3,v_10_7,20,0.5679412566210118,41.99775683258773,58.00224316741227
Town01_T-Intersection,v_9_3,v_10_7,25,0.24507664660187545,41.59820546607018,58.40179453392982
Town01_T-Intersection,v_9_3,v_10_7,30,0.4866558261086342,41.33183788839182,58.66816211160818
Town01_T-Intersection,v_9_3,v_10_7,5,0.38290832264749686,47.991027330350924,52.008972669649076
Town01_T-Intersection,v_9_3,v_10_3,10,0.7562010514086582,3.6000000117725293,96.39999998822748
Town01_T-Intersection,v_9_3,v_10_3,15,0.7004064207928535,2.4000000078483525,97.59999999215165
Town01_T-Intersection,v_9_3,v_10_3,20,0.24467637946343873,1.8000000058862646,98.19999999411374
Town01_T-Intersection,v_9_3,v_10_3,25,0.7640891995194538,1.4400000047090116,98.559999995291
Town01_T-Intersection,v_9_3,v_10_3,30,0.6303039080210471,1.2000000039241763,98.79999999607583
Town01_T-Intersection,v_9_3,v_10_3,5,0.9152943044904552,7.2000000235450585,92.79999997645494
Town01_T-Intersection,v_9_3,v_10_1,10,0.001,23.700848962169395,76.2991510378306
Town01_T-Intersection,v_9_3,v_10_1,15,0.001,22.467232641446262,77.53276735855374
Town01_T-Intersection,v_9_3,v_10_1,20,0.001,21.850424481084698,78.1495755189153
Town01_T-Intersection,v_9_3,v_10_1,25,0.001,21.480339584867757,78.51966041513225
Town01_T-Intersection,v_9_3,v_10_1,30,0.001,21.23361632072313,78.76638367927687
Town01_T-Intersection,v_9_3,v_10_1,5,0.001,27.401697924338787,72.59830207566121
Town01_T-Intersection,v_9_3,v_10_6,10,0.42145038203626917,33.82502651657827,66.17497348342172
Town01_T-Intersection,v_9_3,v_10_6,15,0.8611566661610448,32.55001767771884,67.44998232228116
Town01_T-Intersection,v_9_3,v_10_6,20,0.9918135011605342,31.912513258289135,68.08748674171086
Town01_T-Intersection,v_9_3,v_10_6,25,0.8184959031458395,31.530010606631308,68.46998939336869
Town01_T-Intersection,v_9_3,v_10_6,30,0.7254915958852773,31.27500883885942,68.72499116114058
Town01_T-Intersection,v_9_3,v_10_6,5,0.30679863070055013,37.65005303315653,62.34994696684347
Town01_T-Intersection,v_9_3,v_10_5,10,0.24941071756326683,23.700858132529408,76.2991418674706
Town01_T-Intersection,v_9_3,v_10_5,15,0.622538329771123,22.467238755019604,77.53276124498039
Town01_T-Intersection,v_9_3,v_10_5,20,0.6910639902968992,21.850429066264706,78.14957093373529
Town01_T-Intersection,v_9_3,v_10_5,25,0.30904651489024404,21.480343253011764,78.51965674698823
Town01_T-Intersection,v_9_3,v_10_5,30,0.24271032869616638,21.233619377509804,78.7663806224902
Town01_T-Intersection,v_9_3,v_10_5,5,0.24984292923017795,27.401716265058816,72.59828373494119
Town01_T-Intersection,v_9_3,v_10_4,10,0.643770219459524,13.625346265302742,86.37465373469726
Town01_T-Intersection,v_9_3,v_10_4,15,0.7232482337612308,12.416897510201828,87.58310248979816
Town01_T-Intersection,v_9_3,v_10_4,20,0.9500990960034557,11.812673132651371,88.18732686734863
Town01_T-Intersection,v_9_3,v_10_4,25,0.42362227016114373,11.450138506121096,88.54986149387891
Town01_T-Intersection,v_9_3,v_10_4,30,0.5679550061402093,11.208448755100914,88.79155124489908
Town01_T-Intersection,v_9_3,v_10_4,5,0.5630111028059395,17.250692530605484,82.74930746939452
Town01_T-Intersection,v_12_4,v_13_6,10,0.001,23.60501946179248,76.39498053820752
Town01_T-Intersection,v_12_4,v_13_6,15,0.001,22.403346307861653,77.59665369213835
Town01_T-Intersection,v_12_4,v_13_6,20,0.001,21.80250973089624,78.19749026910375
Town01_T-Intersection,v_12_4,v_13_6,25,0.001,21.442007784716992,78.55799221528301
Town01_T-Intersection,v_12_4,v_13_6,30,0.001,21.201673153930827,78.79832684606917
Town01_T-Intersection,v_12_4,v_13_6,5,0.001,27.21003892358496,72.78996107641504
Town01_T-Intersection,v_12_4,v_13_7,10,0.4954794305719975,33.60540407950902,66.39459592049099
Town01_T-Intersection,v_12_4,v_13_7,15,0.903570498275821,32.40360271967268,67.59639728032732
Town01_T-Intersection,v_12_4,v_13_7,20,0.7704414193138506,31.80270203975451,68.19729796024549
Town01_T-Intersection,v_12_4,v_13_7,25,0.5098622786450082,31.44216163180361,68.55783836819639
Town01_T-Intersection,v_12_4,v_13_7,30,0.3832629386896209,31.20180135983634,68.79819864016366
Town01_T-Intersection,v_12_4,v_13_7,5,0.48390932678346565,37.21080815901805,62.78919184098195
Town01_T-Intersection,v_12_4,v_13_2,10,0.4991720113836188,24.086260801378025,75.91373919862198
Town01_T-Intersection,v_12_4,v_13_2,15,0.8887585883766121,22.72417386758535,77.27582613241465
Town01_T-Intersection,v_12_4,v_13_2,20,0.8961557588841408,22.043130400689012,77.95686959931099
Town01_T-Intersection,v_12_4,v_13_2,25,0.6417797721275661,21.634504320551212,78.36549567944878
Town01_T-Intersection,v_12_4,v_13_2,30,0.3141718603783411,21.362086933792675,78.63791306620732
Town01_T-Intersection,v_12_4,v_13_2,5,0.45763867430621996,28.172521602756053,71.82747839724395
Town01_T-Intersection,v_12_4,v_13_1,10,0.001,34.31159403074736,65.68840596925264
Town01_T-Intersection,v_12_4,v_13_1,15,0.001,32.87439602049824,67.12560397950176
Town01_T-Intersection,v_12_4,v_13_1,20,0.001,32.15579701537368,67.84420298462632
Town01_T-Intersection,v_12_4,v_13_1,25,0.001,31.72463761229894,68.27536238770105
Town01_T-Intersection,v_12_4,v_13_1,30,0.001,31.43719801024912,68.56280198975088
Town01_T-Intersection,v_12_4,v_13_1,5,0.001,38.623188061494716,61.376811938505284
Town01_T-Intersection,v_12_4,v_13_3,10,0.001,13.89933888569431,86.1006611143057
Town01_T-Intersection,v_12_4,v_13_3,15,0.001,12.599559257129538,87.40044074287046
Town01_T-Intersection,v_12_4,v_13_3,20,0.001,11.949669442847155,88.05033055715285
Town01_T-Intersection,v_12_4,v_13_3,25,0.001,11.559735554277724,88.44026444572228
Town01_T-Intersection,v_12_4,v_13_3,30,0.001,11.29977962856477,88.70022037143524
Town01_T-Intersection,v_12_4,v_13_3,5,0.001,17.79867777138862,82.20132222861139
Town01_T-Intersection,v_12_4,v_13_4,10,0.001,3.7545806947308287,96.24541930526917
Town01_T-Intersection,v_12_4,v_13_4,15,0.001,2.503053796487219,97.49694620351278
Town01_T-Intersection,v_12_4,v_13_4,20,0.001,1.8772903473654143,98.12270965263458
Town01_T-Intersection,v_12_4,v_13_4,25,0.001,1.5018322778923314,98.49816772210767
Town01_T-Intersection,v_12_4,v_13_4,30,0.001,1.2515268982436094,98.74847310175639
Town01_T-Intersection,v_12_4,v_13_4,5,0.001,7.509161389461657,92.49083861053835
Town01_T-Intersection,v_12_4,v_13_5,10,0.6012553425983376,13.655481017958603,86.3445189820414
Town01_T-Intersection,v_12_4,v_13_5,15,0.4707230261799459,12.436987345305736,87.56301265469426
Town01_T-Intersection,v_12_4,v_13_5,20,0.9068293165804286,11.827740508979302,88.1722594910207
Town01_T-Intersection,v_12_4,v_13_5,25,0.7842211431563931,11.46219240718344,88.53780759281656
Town01_T-Intersection,v_12_4,v_13_5,30,0.6540911958975215,11.218493672652867,88.78150632734713
Town01_T-Intersection,v_12_4,v_13_5,5,0.7387475727167704,17.310962035917207,82.68903796408279
Town01_T-Intersection,v_11_6,v_12_4,10,0.21612638758427927,23.70086190234256,76.29913809765745
Town01_T-Intersection,v_11_6,v_12_4,15,0.5536967395635614,22.467241268228374,77.53275873177162
Town01_T-Intersection,v_11_6,v_12_4,20,0.7448040363822416,21.85043095117128,78.14956904882872
Town01_T-Intersection,v_11_6,v_12_4,25,0.7045573238139602,21.480344760937022,78.51965523906298
Town01_T-Intersection,v_11_6,v_12_4,30,0.1476041457452134,21.233620634114185,78.76637936588581
Town01_T-Intersection,v_11_6,v_12_4,5,0.48914108648243515,27.40172380468512,72.59827619531488
Town01_T-Intersection,v_11_6,v_12_2,10,0.001,43.99552049515186,56.00447950484814
Town01_T-Intersection,v_11_6,v_12_2,15,0.001,42.663680330101236,57.336319669898764
Town01_T-Intersection,v_11_6,v_12_2,20,0.001,41.997760247575926,58.002239752424074
Town01_T-Intersection,v_11_6,v_12_2,25,0.001,41.59820819806074,58.40179180193926
Town01_T-Intersection,v_11_6,v_12_2,30,0.001,41.33184016505062,58.66815983494938
Town01_T-Intersection,v_11_6,v_12_2,5,0.001,47.99104099030371,52.00895900969629
Town01_T-Intersection,v_11_6,v_12_1,10,0.3150163961317566,54.20938100641391,45.79061899358609
Town01_T-Intersection,v_11_6,v_12_1,15,0.8725662224989685,52.80625400427594,47.19374599572406
Town01_T-Intersection,v_11_6,v_12_1,20,0.39662800193019154,52.10469050320695,47.89530949679305
Town01_T-Intersection,v_11_6,v_12_1,25,0.23688146949060376,51.68375240256557,48.31624759743443
Town01_T-Intersection,v_11_6,v_12_1,30,0.11653943824249784,51.40312700213797,48.59687299786203
Town01_T-Intersection,v_11_6,v_12_1,5,0.563492376325493,58.41876201282783,41.58123798717217
Town01_T-Intersection,v_11_6,v_12_5,10,0.001,13.625348197840818,86.37465180215918
Town01_T-Intersection,v_11_6,v_12_5,15,0.001,12.416898798560545,87.58310120143946
Town01_T-Intersection,v_11_6,v_12_5,20,0.001,11.812674098920409,88.18732590107959
Town01_T-Intersection,v_11_6,v_12_5,25,0.001,11.450139279136327,88.54986072086368
Town01_T-Intersection,v_11_6,v_12_5,30,0.001,11.208449399280273,88.79155060071973
Town01_T-Intersection,v_11_6,v_12_5,5,0.001,17.250696395681636,82.74930360431836
Town01_T-Intersection,v_11_6,v_12_3,10,0.4229250806835577,33.82503194186512,66.17496805813488
Town01_T-Intersection,v_11_6,v_12_3,15,0.16485838831233274,32.550021294576744,67.44997870542326
Town01_T-Intersection,v_11_6,v_12_3,20,0.5439220509966549,31.91251597093256,68.08748402906744
Town01_T-Intersection,v_11_6,v_12_3,25,0.5295735106813061,31.530012776746048,68.46998722325395
Town01_T-Intersection,v_11_6,v_12_3,30,0.13684591672970664,31.275010647288372,68.72498935271163
Town01_T-Intersection,v_11_6,v_12_3,5,0.4287793847826359,37.65006388373024,62.34993611626976
Town01_T-Intersection,v_11_6,v_12_7,10,0.2168749446927506,13.625339700297943,86.37466029970206
Town01_T-Intersection,v_11_6,v_12_7,15,0.3593349383029195,12.41689313353196,87.58310686646804
Town01_T-Intersection,v_11_6,v_12_7,20,0.8294999979639575,11.812669850148971,88.18733014985102
Town01_T-Intersection,v_11_6,v_12_7,25,0.7993917794465853,11.450135880119177,88.54986411988082
Town01_T-Intersection,v_11_6,v_12_7,30,0.23867613245920594,11.20844656676598,88.79155343323401
Town01_T-Intersection,v_11_6,v_12_7,5,0.7162234774868079,17.250679400595885,82.74932059940411
Town01_T-Intersection,v_11_6,v_12_6,10,0.001,3.6000000117725555,96.39999998822745
Town01_T-Intersection,v_11_6,v_12_6,15,0.001,2.4000000078483703,97.59999999215162
Town01_T-Intersection,v_11_6,v_12_6,20,0.001,1.8000000058862777,98.19999999411372
Town01_T-Intersection,v_11_6,v_12_6,25,0.001,1.4400000047090222,98.55999999529098
Town01_T-Intersection,v_11_6,v_12_6,30,0.001,1.2000000039241852,98.79999999607581
Town01_T-Intersection,v_11_6,v_12_6,5,0.001,7.200000023545111,92.79999997645488
Town01_T-Intersection,v_8_7,v_9_3,10,0.7526887743144219,43.99550293517448,56.00449706482552
Town01_T-Intersection,v_8_7,v_9_3,15,0.6084729372493871,42.66366862344965,57.33633137655035
Town01_T-Intersection,v_8_7,v_9_3,20,0.7950510066775767,41.997751467587236,58.002248532412764
Town01_T-Intersection,v_8_7,v_9_3,25,0.8550220955549428,41.59820117406979,58.40179882593021
Town01_T-Intersection,v_8_7,v_9_3,30,0.8083531249652506,41.331834311724826,58.668165688275174
Town01_T-Intersection,v_8_7,v_9_3,5,0.8243184873839112,47.99100587034896,52.00899412965104
Town01_T-Intersection,v_8_7,v_9_6,10,0.13130253680851417,13.62534747194735,86.37465252805265
Town01_T-Intersection,v_8_7,v_9_6,15,0.10868874431223952,12.416898314631567,87.58310168536843
Town01_T-Intersection,v_8_7,v_9_6,20,0.8632803779099705,11.812673735973675,88.18732626402632
Town01_T-Intersection,v_8_7,v_9_6,25,0.7514645995995444,11.45013898877894,88.54986101122105
Town01_T-Intersection,v_8_7,v_9_6,30,0.18634045062972954,11.208449157315783,88.79155084268422
Town01_T-Intersection,v_8_7,v_9_6,5,0.36949076450561114,17.2506949438947,82.7493050561053
Town01_T-Intersection,v_8_7,v_9_7,10,0.8868243961676694,3.600005505385528,96.39999449461448
Town01_T-Intersection,v_8_7,v_9_7,15,0.673203366517053,2.4000036702570187,97.59999632974298
Town01_T-Intersection,v_8_7,v_9_7,20,0.6893121754942464,1.800002752692764,98.19999724730724
Town01_T-Intersection,v_8_7,v_9_7,25,0.5276550678388332,1.4400022021542112,98.5599977978458
Town01_T-Intersection,v_8_7,v_9_7,30,0.5658007953554893,1.2000018351285093,98.7999981648715
Town01_T-Intersection,v_8_7,v_9_7,5,0.9127630418683474,7.200011010771056,92.79998898922895
Town01_T-Intersection,v_8_7,v_9_4,10,0.43031030246999635,33.82501948980559,66.17498051019442
Town01_T-Intersection,v_8_7,v_9_4,15,0.6126381810947854,32.55001299320373,67.44998700679628
Town01_T-Intersection,v_8_7,v_9_4,20,0.3760705390651402,31.912509744902795,68.08749025509721
Town01_T-Intersection,v_8_7,v_9_4,25,0.8652725097978481,31.530007795922238,68.46999220407776
Town01_T-Intersection,v_8_7,v_9_4,30,0.1065195668716111,31.275006496601865,68.72499350339814
Town01_T-Intersection,v_8_7,v_9_4,5,0.8887034320375711,37.65003897961119,62.34996102038881
Town01_T-Intersection,v_8_7,v_9_5,10,0.001,23.70085512063936,76.29914487936064
Town01_T-Intersection,v_8_7,v_9_5,15,0.001,22.467236747092905,77.5327632529071
Town01_T-Intersection,v_8_7,v_9_5,20,0.001,21.85042756031968,78.14957243968033
Town01_T-Intersection,v_8_7,v_9_5,25,0.001,21.480342048255743,78.51965795174425
Town01_T-Intersection,v_8_7,v_9_5,30,0.001,21.233618373546452,78.76638162645355
Town01_T-Intersection,v_8_7,v_9_5,5,0.001,27.40171024127872,72.59828975872128
Town01_T-Intersection,v_8_7,v_9_2,10,0.001,54.20935907769363,45.79064092230637
Town01_T-Intersection,v_8_7,v_9_2,15,0.001,52.80623938512908,47.19376061487092
Town01_T-Intersection,v_8_7,v_9_2,20,0.001,52.10467953884681,47.89532046115319
Town01_T-Intersection,v_8_7,v_9_2,25,0.001,51.68374363107745,48.31625636892255
Town01_T-Intersection,v_8_7,v_9_2,30,0.001,51.403119692564545,48.596880307435455
Town01_T-Intersection,v_8_7,v_9_2,5,0.001,58.41871815538725,41.58128184461275
Town01_T-Intersection,v_8_7,v_9_1,10,0.15864423599609107,64.46327185487033,35.53672814512967
Town01_T-Intersection,v_8_7,v_9_1,15,0.1995997692150384,62.97551456991355,37.02448543008645
Town01_T-Intersection,v_8_7,v_9_1,20,0.9461150634258128,62.231635927435164,37.768364072564836
Town01_T-Intersection,v_8_7,v_9_1,25,0.24813108968046588,61.78530874194813,38.21469125805187
Town01_T-Intersection,v_8_7,v_9_1,30,0.869199327383278,61.48775728495678,38.51224271504322
Town01_T-Intersection,v_8_7,v_9_1,5,0.6097934673083378,68.92654370974066,31.073456290259344
Town01_T-Intersection,v_13_6,v_14_1,10,0.001,54.504006345775124,45.495993654224876
Town01_T-Intersection,v_13_6,v_14_1,15,0.001,53.002670897183414,46.997329102816586
Town01_T-Intersection,v_13_6,v_14_1,20,0.001,52.25200317288756,47.74799682711244
Town01_T-Intersection,v_13_6,v_14_1,25,0.001,51.80160253831005,48.19839746168995
Town01_T-Intersection,v_13_6,v_14_1,30,0.001,51.50133544859171,48.49866455140829
Town01_T-Intersection,v_13_6,v_14_1,5,0.001,59.00801269155025,40.99198730844975
Town01_T-Intersection,v_13_6,v_14_2,10,0.001,44.11877260846809,55.88122739153191
Town01_T-Intersection,v_13_6,v_14_2,15,0.001,42.74584840564539,57.25415159435461
Town01_T-Intersection,v_13_6,v_14_2,20,0.001,42.059386304234046,57.940613695765954
Town01_T-Intersection,v_13_6,v_14_2,25,0.001,41.64750904338724,58.35249095661276
Town01_T-Intersection,v_13_6,v_14_2,30,0.001,41.372924202822695,58.627075797177305
Town01_T-Intersection,v_13_6,v_14_2,5,0.001,48.23754521693618,51.76245478306382
Town01_T-Intersection,v_13_6,v_14_3,10,0.7510740693145976,33.749846480608916,66.25015351939109
Town01_T-Intersection,v_13_6,v_14_3,15,0.35898207395844284,32.499897653739275,67.50010234626072
Town01_T-Intersection,v_13_6,v_14_3,20,0.2902904160769776,31.874923240304458,68.12507675969555
Town01_T-Intersection,v_13_6,v_14_3,25,0.45865232068852135,31.499938592243566,68.50006140775643
Town01_T-Intersection,v_13_6,v_14_3,30,0.3827727493838441,31.249948826869637,68.75005117313036
Town01_T-Intersection,v_13_6,v_14_3,5,0.2373101276426622,37.499692961217825,62.500307038782175
Town01_T-Intersection,v_13_6,v_14_5,10,0.001,13.080255159848068,86.91974484015194
Town01_T-Intersection,v_13_6,v_14_5,15,0.001,12.053503439898712,87.94649656010128
Town01_T-Intersection,v_13_6,v_14_5,20,0.001,11.540127579924034,88.45987242007597
Town01_T-Intersection,v_13_6,v_14_5,25,0.001,11.232102063939227,88.76789793606078
Town01_T-Intersection,v_13_6,v_14_5,30,0.001,11.026751719949356,88.97324828005064
Town01_T-Intersection,v_13_6,v_14_5,5,0.001,16.160510319696137,83.83948968030387
Town01_T-Intersection,v_13_6,v_14_6,10,0.001,2.7935208964305724,97.20647910356942
Town01_T-Intersection,v_13_6,v_14_6,15,0.001,1.8623472642870482,98.13765273571295
Town01_T-Intersection,v_13_6,v_14_6,20,0.001,1.3967604482152862,98.60323955178471
Town01_T-Intersection,v_13_6,v_14_6,25,0.001,1.117408358572229,98.88259164142777
Town01_T-Intersection,v_13_6,v_14_6,30,0.001,0.9311736321435241,99.06882636785647
Town01_T-Intersection,v_13_6,v_14_6,5,0.001,5.587041792861145,94.41295820713886
Town01_T-Intersection,v_13_6,v_14_4,10,0.12687731520993878,23.40168600879148,76.59831399120853
Town01_T-Intersection,v_13_6,v_14_4,15,0.7186053560260125,22.267790672527653,77.73220932747235
Town01_T-Intersection,v_13_6,v_14_4,20,0.4862127771402488,21.70084300439574,78.29915699560426
Town01_T-Intersection,v_13_6,v_14_4,25,0.645135999914837,21.360674403516594,78.6393255964834
Town01_T-Intersection,v_13_6,v_14_4,30,0.16049425661225028,21.133895336263826,78.86610466373617
Town01_T-Intersection,v_13_6,v_14_4,5,0.6456464049710916,26.803372017582962,73.19662798241704
Town01_T-Intersection,v_13_6,v_14_7,10,0.3124446142563849,12.55198597515034,87.44801402484966
Town01_T-Intersection,v_13_6,v_14_7,15,0.30865386101886605,11.701323983433559,88.29867601656645
Town01_T-Intersection,v_13_6,v_14_7,20,0.5788054989634001,11.27599298757517,88.72400701242483
Town01_T-Intersection,v_13_6,v_14_7,25,0.3674111463347052,11.020794390060136,88.97920560993987
Town01_T-Intersection,v_13_6,v_14_7,30,0.5765381139663588,10.85066199171678,89.14933800828322
Town01_T-Intersection,v_13_6,v_14_7,5,0.15729467900650337,15.103971950300679,84.89602804969932
Town01_T-Intersection,v_9_6,v_10_2,10,0.902625407446505,43.995496022320104,56.004503977679896
Town01_T-Intersection,v_9_6,v_10_2,15,0.6206345641633392,42.66366401488007,57.33633598511993
Town01_T-Intersection,v_9_6,v_10_2,20,0.32404694671010287,41.99774801116005,58.00225198883995
Town01_T-Intersection,v_9_6,v_10_2,25,0.47618264921966125,41.59819840892804,58.40180159107196
Town01_T-Intersection,v_9_6,v_10_2,30,0.2701713361698499,41.331832007440035,58.668167992559965
Town01_T-Intersection,v_9_6,v_10_2,5,0.8596195621100375,47.99099204464021,52.00900795535979
Town01_T-Intersection,v_9_6,v_10_7,10,0.001,13.625346265302742,86.37465373469726
Town01_T-Intersection,v_9_6,v_10_7,15,0.001,12.416897510201828,87.58310248979816
Town01_T-Intersection,v_9_6,v_10_7,20,0.001,11.812673132651371,88.18732686734863
Town01_T-Intersection,v_9_6,v_10_7,25,0.001,11.450138506121096,88.54986149387891
Town01_T-Intersection,v_9_6,v_10_7,30,0.001,11.208448755100914,88.79155124489908
Town01_T-Intersection,v_9_6,v_10_7,5,0.001,17.250692530605484,82.74930746939452
Town01_T-Intersection,v_9_6,v_10_3,10,0.36639665291570145,33.82501298747061,66.17498701252939
Town01_T-Intersection,v_9_6,v_10_3,15,0.5646855319793721,32.550008658313736,67.44999134168626
Town01_T-Intersection,v_9_6,v_10_3,20,0.8705382964090016,31.912506493735304,68.08749350626469
Town01_T-Intersection,v_9_6,v_10_3,25,0.9619816430304203,31.53000519498824,68.46999480501177
Town01_T-Intersection,v_9_6,v_10_3,30,0.7836737722610712,31.275004329156868,68.72499567084313
Town01_T-Intersection,v_9_6,v_10_3,5,0.3341120116690031,37.650025974941215,62.349974025058785
Town01_T-Intersection,v_9_6,v_10_1,10,0.001,54.20935161659597,45.79064838340403
Town01_T-Intersection,v_9_6,v_10_1,15,0.001,52.806234411063976,47.193765588936024
Town01_T-Intersection,v_9_6,v_10_1,20,0.001,52.10467580829798,47.89532419170202
Town01_T-Intersection,v_9_6,v_10_1,25,0.001,51.683740646638384,48.316259353361616
Town01_T-Intersection,v_9_6,v_10_1,30,0.001,51.40311720553199,48.59688279446801
Town01_T-Intersection,v_9_6,v_10_1,5,0.001,58.418703233191934,41.581296766808066
Town01_T-Intersection,v_9_6,v_10_6,10,0.001,3.6000000117725293,96.39999998822748
Town01_T-Intersection,v_9_6,v_10_6,15,0.001,2.4000000078483525,97.59999999215165
Town01_T-Intersection,v_9_6,v_10_6,20,0.001,1.8000000058862646,98.19999999411374
Town01_T-Intersection,v_9_6,v_10_6,25,0.001,1.4400000047090116,98.559999995291
Town01_T-Intersection,v_9_6,v_10_6,30,0.001,1.2000000039241763,98.79999999607583
Town01_T-Intersection,v_9_6,v_10_6,5,0.001,7.2000000235450585,92.79999997645494
Town01_T-Intersection,v_9_6,v_10_5,10,0.001,13.62534163275311,86.3746583672469
Town01_T-Intersection,v_9_6,v_10_5,15,0.001,12.416894421835405,87.58310557816459
Town01_T-Intersection,v_9_6,v_10_5,20,0.001,11.812670816376555,88.18732918362345
Town01_T-Intersection,v_9_6,v_10_5,25,0.001,11.450136653101243,88.54986334689876
Town01_T-Intersection,v_9_6,v_10_5,30,0.001,11.208447210917702,88.7915527890823
Town01_T-Intersection,v_9_6,v_10_5,5,0.001,17.25068326550622,82.74931673449379
Town01_T-Intersection,v_9_6,v_10_4,10,0.001,23.700848962169395,76.2991510378306
Town01_T-Intersection,v_9_6,v_10_4,15,0.001,22.467232641446262,77.53276735855374
Town01_T-Intersection,v_9_6,v_10_4,20,0.001,21.850424481084698,78.1495755189153
Town01_T-Intersection,v_9_6,v_10_4,25,0.001,21.480339584867757,78.51966041513225
Town01_T-Intersection,v_9_6,v_10_4,30,0.001,21.23361632072313,78.76638367927687
Town01_T-Intersection,v_9_6,v_10_4,5,0.001,27.401697924338787,72.59830207566121
Town01_T-Intersection,v_11_5,v_12_4,10,0.4277143458766941,13.625353652769007,86.37464634723099
Town01_T-Intersection,v_11_5,v_12_4,15,0.8053982956888944,12.416902435179338,87.58309756482066
Town01_T-Intersection,v_11_5,v_12_4,20,0.9591389016161862,11.812676826384504,88.1873231736155
Town01_T-Intersection,v_11_5,v_12_4,25,0.6932217814767379,11.450141461107602,88.5498585388924
Town01_T-Intersection,v_11_5,v_12_4,30,0.4075467372477114,11.20845121758967,88.79154878241033
Town01_T-Intersection,v_11_5,v_12_4,5,0.5281075653919511,17.250707305538015,82.74929269446199
Town01_T-Intersection,v_11_5,v_12_2,10,0.6039355791519464,33.8250371044535,66.1749628955465
Town01_T-Intersection,v_11_5,v_12_2,15,0.5113308156924687,32.55002473630233,67.44997526369767
Town01_T-Intersection,v_11_5,v_12_2,20,0.8103140845369777,31.91251855222675,68.08748144777326
Town01_T-Intersection,v_11_5,v_12_2,25,0.4391053477791361,31.5300148417814,68.4699851582186
Town01_T-Intersection,v_11_5,v_12_2,30,0.44136190090168537,31.275012368151167,68.72498763184883
Town01_T-Intersection,v_11_5,v_12_2,5,0.5471928516256772,37.65007420890701,62.34992579109299
Town01_T-Intersection,v_11_5,v_12_1,10,0.7685539249549398,43.99552541957658,56.00447458042342
Town01_T-Intersection,v_11_5,v_12_1,15,0.8493712684074858,42.66368361305105,57.33631638694895
Town01_T-Intersection,v_11_5,v_12_1,20,0.23949847904594443,41.99776270978829,58.00223729021171
Town01_T-Intersection,v_11_5,v_12_1,25,0.9137531903879469,41.59821016783063,58.40178983216937
Town01_T-Intersection,v_11_5,v_12_1,30,0.548059679162342,41.331841806525524,58.668158193474476
Town01_T-Intersection,v_11_5,v_12_1,5,0.38536223603668907,47.991050839153154,52.008949160846846
Town01_T-Intersection,v_11_5,v_12_5,10,0.8303344426689211,3.6000055049365964,96.39999449506341
Town01_T-Intersection,v_11_5,v_12_5,15,0.12636033407705136,2.4000036699577305,97.59999633004227
Town01_T-Intersection,v_11_5,v_12_5,20,0.617051021144302,1.8000027524682982,98.1999972475317
Town01_T-Intersection,v_11_5,v_12_5,25,0.7855620052238419,1.4400022019746384,98.55999779802536
Town01_T-Intersection,v_11_5,v_12_5,30,0.5334226063414003,1.2000018349788653,98.79999816502114
Town01_T-Intersection,v_11_5,v_12_5,5,0.6229274429601221,7.200011009873193,92.7999889901268
Town01_T-Intersection,v_11_5,v_12_3,10,0.4979029955722779,23.70086724494038,76.29913275505962
Town01_T-Intersection,v_11_5,v_12_3,15,0.9356540967465559,22.46724482996025,77.53275517003975
Town01_T-Intersection,v_11_5,v_12_3,20,0.45014964981042194,21.850433622470188,78.14956637752981
Town01_T-Intersection,v_11_5,v_12_3,25,0.21006086525172346,21.48034689797615,78.51965310202385
Town01_T-Intersection,v_11_5,v_12_3,30,0.8968665452502778,21.233622414980125,78.76637758501988
Town01_T-Intersection,v_11_5,v_12_3,5,0.4361182672037849,27.40173448988076,72.59826551011923
Town01_T-Intersection,v_11_5,v_12_7,10,0.001,23.700850535026994,76.299149464973
Town01_T-Intersection,v_11_5,v_12_7,15,0.001,22.467233690017995,77.53276630998201
Town01_T-Intersection,v_11_5,v_12_7,20,0.001,21.850425267513497,78.1495747324865
Town01_T-Intersection,v_11_5,v_12_7,25,0.001,21.4803402140108,78.5196597859892
Town01_T-Intersection,v_11_5,v_12_7,30,0.001,21.233616845009,78.766383154991
Town01_T-Intersection,v_11_5,v_12_7,5,0.001,27.40170107005399,72.59829892994601
Town01_T-Intersection,v_11_5,v_12_6,10,0.917647503463895,13.62534515523359,86.37465484476641
Town01_T-Intersection,v_11_5,v_12_6,15,0.5718917456319955,12.416896770155727,87.58310322984427
Town01_T-Intersection,v_11_5,v_12_6,20,0.7382974852710144,11.812672577616796,88.1873274223832
Town01_T-Intersection,v_11_5,v_12_6,25,0.21949297292732894,11.450138062093437,88.54986193790657
Town01_T-Intersection,v_11_5,v_12_6,30,0.8028534879406107,11.208448385077864,88.79155161492214
Town01_T-Intersection,v_11_5,v_12_6,5,0.7028662299431124,17.25069031046718,82.74930968953282
Town01_T-Intersection,v_8_3,v_9_3,10,0.001,3.5999835327294045,96.40001646727059
Town01_T-Intersection,v_8_3,v_9_3,15,0.001,2.3999890218196027,97.60001097818039
Town01_T-Intersection,v_8_3,v_9_3,20,0.001,1.7999917663647023,98.2000082336353
Town01_T-Intersection,v_8_3,v_9_3,25,0.001,1.4399934130917618,98.56000658690824
Town01_T-Intersection,v_8_3,v_9_3,30,0.001,1.1999945109098014,98.8000054890902
Town01_T-Intersection,v_8_3,v_9_3,5,0.001,7.199967065458809,92.80003293454119
Town01_T-Intersection,v_8_3,v_9_6,10,0.001,33.82500968995542,66.17499031004458
Town01_T-Intersection,v_8_3,v_9_6,15,0.001,32.550006459970284,67.44999354002971
Town01_T-Intersection,v_8_3,v_9_6,20,0.001,31.91250484497771,68.08749515502228
Town01_T-Intersection,v_8_3,v_9_6,25,0.001,31.53000387598217,68.46999612401783
Town01_T-Intersection,v_8_3,v_9_6,30,0.001,31.275003229985142,68.72499677001485
Town01_T-Intersection,v_8_3,v_9_6,5,0.001,37.650019379910844,62.349980620089156
Town01_T-Intersection,v_8_3,v_9_7,10,0.26926496222824475,43.99549689915568,56.00450310084432
Town01_T-Intersection,v_8_3,v_9_7,15,0.48882634726910135,42.663664599437126,57.336335400562874
Town01_T-Intersection,v_8_3,v_9_7,20,0.9355753643101634,41.99774844957784,58.00225155042216
Town01_T-Intersection,v_8_3,v_9_7,25,0.8824557645304945,41.598198759662274,58.401801240337726
Town01_T-Intersection,v_8_3,v_9_7,30,0.4146686209554522,41.33183229971856,58.66816770028144
Town01_T-Intersection,v_8_3,v_9_7,5,0.7829258104687523,47.99099379831137,52.00900620168863
Town01_T-Intersection,v_8_3,v_9_4,10,0.001,13.625329517216574,86.37467048278343
Town01_T-Intersection,v_8_3,v_9_4,15,0.001,12.416886344811049,87.58311365518895
Town01_T-Intersection,v_8_3,v_9_4,20,0.001,11.812664758608287,88.18733524139171
Town01_T-Intersection,v_8_3,v_9_4,25,0.001,11.45013180688663,88.54986819311337
Town01_T-Intersection,v_8_3,v_9_4,30,0.001,11.208443172405524,88.79155682759448
Town01_T-Intersection,v_8_3,v_9_4,5,0.001,17.25065903443315,82.74934096556686
Town01_T-Intersection,v_8_3,v_9_5,10,0.5907006367811491,23.700841289795534,76.29915871020447
Town01_T-Intersection,v_8_3,v_9_5,15,0.17888173427461368,22.467227526530355,77.53277247346965
Town01_T-Intersection,v_8_3,v_9_5,20,0.20469855377003277,21.850420644897767,78.14957935510223
Town01_T-Intersection,v_8_3,v_9_5,25,0.5672898249364737,21.480336515918214,78.51966348408179
Town01_T-Intersection,v_8_3,v_9_5,30,0.8857370834705912,21.23361376326518,78.76638623673482
Town01_T-Intersection,v_8_3,v_9_5,5,0.6213759787890641,27.401682579591068,72.59831742040893
Town01_T-Intersection,v_8_3,v_9_2,10,0.6160236901014793,13.625325652222607,86.37467434777739
Town01_T-Intersection,v_8_3,v_9_2,15,0.1439659873689383,12.416883768148404,87.58311623185159
Town01_T-Intersection,v_8_3,v_9_2,20,0.7181026983195719,11.812662826111303,88.1873371738887
Town01_T-Intersection,v_8_3,v_9_2,25,0.7434744815578421,11.450130260889043,88.54986973911096
Town01_T-Intersection,v_8_3,v_9_2,30,0.5295742712075306,11.208441884074201,88.7915581159258
Town01_T-Intersection,v_8_3,v_9_2,5,0.44843850689914355,17.250651304445213,82.74934869555479
Town01_T-Intersection,v_8_3,v_9_1,10,0.7974495834478378,23.700833750262216,76.29916624973778
Town01_T-Intersection,v_8_3,v_9_1,15,0.6320387891758803,22.46722250017481,77.53277749982519
Town01_T-Intersection,v_8_3,v_9_1,20,0.7236537845029768,21.85041687513111,78.14958312486888
Town01_T-Intersection,v_8_3,v_9_1,25,0.8032123807677091,21.480333500104887,78.51966649989511
Town01_T-Intersection,v_8_3,v_9_1,30,0.4824760527106613,21.233611250087407,78.7663887499126
Town01_T-Intersection,v_8_3,v_9_1,5,0.40422697646005534,27.401667500524432,72.59833249947556
Town01_T-Intersection,v_14_2,v_15_2,10,0.4886641673624972,3.7746041772629355,96.22539582273707
Town01_T-Intersection,v_14_2,v_15_2,15,0.35622059088493085,2.5164027848419566,97.48359721515804
Town01_T-Intersection,v_14_2,v_15_2,20,0.21636520523079322,1.8873020886314678,98.11269791136853
Town01_T-Intersection,v_14_2,v_15_2,25,0.7109557927421815,1.509841670905174,98.49015832909483
Town01_T-Intersection,v_14_2,v_15_2,30,0.6402130840280318,1.2582013924209783,98.74179860757903
Town01_T-Intersection,v_14_2,v_15_2,5,0.12418590322941843,7.549208354525871,92.45079164547413
Town01_T-Intersection,v_14_2,v_15_5,10,0.32843686428639496,33.99116152459589,66.0088384754041
Town01_T-Intersection,v_14_2,v_15_5,15,0.4326398936365111,32.660774349730595,67.33922565026941
Town01_T-Intersection,v_14_2,v_15_5,20,0.9874420687361815,31.995580762297944,68.00441923770205
Town01_T-Intersection,v_14_2,v_15_5,25,0.9846535864747918,31.596464609838357,68.40353539016164
Town01_T-Intersection,v_14_2,v_15_5,30,0.973818209693918,31.330387174865297,68.6696128251347
Town01_T-Intersection,v_14_2,v_15_5,5,0.5709665547995898,37.982323049191784,62.017676950808216
Town01_T-Intersection,v_14_2,v_15_1,10,0.274771375115502,13.79831805616433,86.20168194383567
Town01_T-Intersection,v_14_2,v_15_1,15,0.7629025970257922,12.532212037442886,87.46778796255711
Town01_T-Intersection,v_14_2,v_15_1,20,0.5629307811745332,11.899159028082165,88.10084097191783
Town01_T-Intersection,v_14_2,v_15_1,25,0.5629503668038214,11.519327222465732,88.48067277753427
Town01_T-Intersection,v_14_2,v_15_1,30,0.715058771155871,11.266106018721443,88.73389398127856
Town01_T-Intersection,v_14_2,v_15_1,5,0.9660888669522043,17.59663611232866,82.40336388767133
Town01_T-Intersection,v_14_2,v_15_3,10,0.001,13.799261332867108,86.2007386671329
Town01_T-Intersection,v_14_2,v_15_3,15,0.001,12.532840888578072,87.46715911142192
Town01_T-Intersection,v_14_2,v_15_3,20,0.001,11.899630666433554,88.10036933356645
Town01_T-Intersection,v_14_2,v_15_3,25,0.001,11.519704533146843,88.48029546685316
Town01_T-Intersection,v_14_2,v_15_3,30,0.001,11.266420444289036,88.73357955571096
Town01_T-Intersection,v_14_2,v_15_3,5,0.001,17.598522665734215,82.40147733426579
Town01_T-Intersection,v_14_2,v_15_7,10,0.001,54.36110813214183,45.63889186785817
Town01_T-Intersection,v_14_2,v_15_7,15,0.001,52.90740542142788,47.09259457857212
Town01_T-Intersection,v_14_2,v_15_7,20,0.001,52.18055406607091,47.81944593392909
Town01_T-Intersection,v_14_2,v_15_7,25,0.001,51.74444325285673,48.25555674714327
Town01_T-Intersection,v_14_2,v_15_7,30,0.001,51.45370271071394,48.54629728928606
Town01_T-Intersection,v_14_2,v_15_7,5,0.001,58.72221626428365,41.27778373571635
Town01_T-Intersection,v_14_2,v_15_4,10,0.1586432479520258,23.87187400928342,76.12812599071658
Town01_T-Intersection,v_14_2,v_15_4,15,0.7320892947418721,22.58124933952228,77.41875066047771
Town01_T-Intersection,v_14_2,v_15_4,20,0.937419382109852,21.935937004641712,78.06406299535828
Town01_T-Intersection,v_14_2,v_15_4,25,0.2997968617510451,21.548749603713368,78.45125039628664
Town01_T-Intersection,v_14_2,v_15_4,30,0.4070146537289636,21.29062466976114,78.70937533023886
Town01_T-Intersection,v_14_2,v_15_4,5,0.500374264742795,27.743748018566844,72.25625198143315
Town01_T-Intersection,v_14_2,v_15_6,10,0.9831453432350273,44.15510157578005,55.84489842421995
Town01_T-Intersection,v_14_2,v_15_6,15,0.41102679915934104,42.7700677171867,57.2299322828133
Town01_T-Intersection,v_14_2,v_15_6,20,0.9162804176347709,42.077550787890026,57.922449212109974
Town01_T-Intersection,v_14_2,v_15_6,25,0.41781830915110274,41.66204063031202,58.33795936968798
Town01_T-Intersection,v_14_2,v_15_6,30,0.536176116999923,41.38503385859335,58.61496614140665
Town01_T-Intersection,v_14_2,v_15_6,5,0.6102780607926369,48.3102031515601,51.6897968484399
Town01_T-Intersection,v_10_2,v_11_6,10,0.001,43.99551366517546,56.00448633482454
Town01_T-Intersection,v_10_2,v_11_6,15,0.001,42.66367577678364,57.33632422321636
Town01_T-Intersection,v_10_2,v_11_6,20,0.001,41.99775683258773,58.00224316741227
Town01_T-Intersection,v_10_2,v_11_6,25,0.001,41.59820546607018,58.40179453392982
Town01_T-Intersection,v_10_2,v_11_6,30,0.001,41.33183788839182,58.66816211160818
Town01_T-Intersection,v_10_2,v_11_6,5,0.001,47.991027330350924,52.008972669649076
Town01_T-Intersection,v_10_2,v_11_5,10,0.1290380481152169,33.82502651657827,66.17497348342172
Town01_T-Intersection,v_10_2,v_11_5,15,0.7189693576697949,32.55001767771884,67.44998232228116
Town01_T-Intersection,v_10_2,v_11_5,20,0.396210171582819,31.912513258289135,68.08748674171086
Town01_T-Intersection,v_10_2,v_11_5,25,0.7232610883726535,31.530010606631308,68.46998939336869
Town01_T-Intersection,v_10_2,v_11_5,30,0.9205294880980398,31.27500883885942,68.72499116114058
Town01_T-Intersection,v_10_2,v_11_5,5,0.8393440484835335,37.65005303315653,62.34994696684347
Town01_T-Intersection,v_10_2,v_11_7,10,0.001,54.20937307982625,45.79062692017375
Town01_T-Intersection,v_10_2,v_11_7,15,0.001,52.80624871988417,47.19375128011583
Town01_T-Intersection,v_10_2,v_11_7,20,0.001,52.104686539913125,47.895313460086875
Town01_T-Intersection,v_10_2,v_11_7,25,0.001,51.6837492319305,48.3162507680695
Town01_T-Intersection,v_10_2,v_11_7,30,0.001,51.40312435994208,48.59687564005792
Town01_T-Intersection,v_10_2,v_11_7,5,0.001,58.4187461596525,41.5812538403475
Town01_T-Intersection,v_10_2,v_11_2,10,0.9843514178766459,3.6000000117725293,96.39999998822748
Town01_T-Intersection,v_10_2,v_11_2,15,0.5763299153594111,2.4000000078483525,97.59999999215165
Town01_T-Intersection,v_10_2,v_11_2,20,0.23628904420845198,1.8000000058862646,98.19999999411374
Town01_T-Intersection,v_10_2,v_11_2,25,0.2769578937627871,1.4400000047090116,98.559999995291
Town01_T-Intersection,v_10_2,v_11_2,30,0.34255568568946915,1.2000000039241763,98.79999999607583
Town01_T-Intersection,v_10_2,v_11_2,5,0.48092326404611074,7.2000000235450585,92.79999997645494
Town01_T-Intersection,v_10_2,v_11_3,10,0.22947846151098086,13.625346265302742,86.37465373469726
Town01_T-Intersection,v_10_2,v_11_3,15,0.5832817003729677,12.416897510201828,87.58310248979816
Town01_T-Intersection,v_10_2,v_11_3,20,0.12817503635588684,11.812673132651371,88.18732686734863
Town01_T-Intersection,v_10_2,v_11_3,25,0.3178888515922825,11.450138506121096,88.54986149387891
Town01_T-Intersection,v_10_2,v_11_3,30,0.4414085655003157,11.208448755100914,88.79155124489908
Town01_T-Intersection,v_10_2,v_11_3,5,0.6164784034420261,17.250692530605484,82.74930746939452
Town01_T-Intersection,v_10_2,v_11_1,10,0.001,13.62534163275311,86.3746583672469
Town01_T-Intersection,v_10_2,v_11_1,15,0.001,12.416894421835405,87.58310557816459
Town01_T-Intersection,v_10_2,v_11_1,20,0.001,11.812670816376555,88.18732918362345
Town01_T-Intersection,v_10_2,v_11_1,25,0.001,11.450136653101243,88.54986334689876
Town01_T-Intersection,v_10_2,v_11_1,30,0.001,11.208447210917702,88.7915527890823
Town01_T-Intersection,v_10_2,v_11_1,5,0.001,17.25068326550622,82.74931673449379
Town01_T-Intersection,v_10_2,v_11_4,10,0.001,23.700858132529408,76.2991418674706
Town01_T-Intersection,v_10_2,v_11_4,15,0.001,22.467238755019604,77.53276124498039
Town01_T-Intersection,v_10_2,v_11_4,20,0.001,21.850429066264706,78.14957093373529
Town01_T-Intersection,v_10_2,v_11_4,25,0.001,21.480343253011764,78.51965674698823
Town01_T-Intersection,v_10_2,v_11_4,30,0.001,21.233619377509804,78.7663806224902
Town01_T-Intersection,v_10_2,v_11_4,5,0.001,27.401716265058816,72.59828373494119
Town01_T-Intersection,v_14_3,v_15_2,10,0.001,13.793094275238035,86.20690572476197
Town01_T-Intersection,v_14_3,v_15_2,15,0.001,12.528729516825356,87.47127048317465
Town01_T-Intersection,v_14_3,v_15_2,20,0.001,11.896547137619017,88.10345286238098
Town01_T-Intersection,v_14_3,v_15_2,25,0.001,11.517237710095214,88.48276228990478
Town01_T-Intersection,v_14_3,v_15_2,30,0.001,11.264364758412679,88.73563524158732
Town01_T-Intersection,v_14_3,v_15_2,5,0.001,17.58618855047607,82.41381144952393
Town01_T-Intersection,v_14_3,v_15_5,10,0.6973406452615146,23.866762085400634,76.13323791459936
Town01_T-Intersection,v_14_3,v_15_5,15,0.7349506848075081,22.57784139026709,77.42215860973292
Town01_T-Intersection,v_14_3,v_15_5,20,0.6482245928617633,21.93338104270032,78.06661895729968
Town01_T-Intersection,v_14_3,v_15_5,25,0.18682976761290343,21.546704834160252,78.45329516583975
Town01_T-Intersection,v_14_3,v_15_5,30,0.8290092156203754,21.288920695133545,78.71107930486646
Town01_T-Intersection,v_14_3,v_15_5,5,0.4509045999986564,27.733524170801267,72.26647582919873
Town01_T-Intersection,v_14_3,v_15_1,10,0.001,23.864777014317514,76.13522298568249
Town01_T-Intersection,v_14_3,v_15_1,15,0.001,22.57651800954501,77.42348199045499
Town01_T-Intersection,v_14_3,v_15_1,20,0.001,21.932388507158755,78.06761149284125
Town01_T-Intersection,v_14_3,v_15_1,25,0.001,21.545910805727004,78.454089194273
Town01_T-Intersection,v_14_3,v_15_1,30,0.001,21.288259004772506,78.7117409952275
Town01_T-Intersection,v_14_3,v_15_1,5,0.001,27.729554028635025,72.27044597136498
Town01_T-Intersection,v_14_3,v_15_3,10,0.001,3.7693521505921157,96.23064784940789
Town01_T-Intersection,v_14_3,v_15_3,15,0.001,2.512901433728077,97.48709856627192
Town01_T-Intersection,v_14_3,v_15_3,20,0.001,1.8846760752960579,98.11532392470394
Town01_T-Intersection,v_14_3,v_15_3,25,0.001,1.507740860236846,98.49225913976315
Town01_T-Intersection,v_14_3,v_15_3,30,0.001,1.2564507168640384,98.74354928313596
Town01_T-Intersection,v_14_3,v_15_3,5,0.001,7.538704301184231,92.46129569881577
Town01_T-Intersection,v_14_3,v_15_7,10,0.5320762061495878,44.15036550374592,55.84963449625408
Town01_T-Intersection,v_14_3,v_15_7,15,0.7066798287636952,42.766910335830616,57.233089664169384
Town01_T-Intersection,v_14_3,v_15_7,20,0.9453170117418799,42.07518275187296,57.92481724812704
Town01_T-Intersection,v_14_3,v_15_7,25,0.37145436292382683,41.660146201498364,58.339853798501636
Town01_T-Intersection,v_14_3,v_15_7,30,0.8061166106945791,41.38345516791531,58.61654483208469
Town01_T-Intersection,v_14_3,v_15_7,5,0.33314530622829225,48.300731007491834,51.699268992508166
Town01_T-Intersection,v_14_3,v_15_4,10,0.001,13.79404691579293,86.20595308420707
Town01_T-Intersection,v_14_3,v_15_4,15,0.001,12.529364610528619,87.47063538947138
Town01_T-Intersection,v_14_3,v_15_4,20,0.001,11.897023457896465,88.10297654210353
Town01_T-Intersection,v_14_3,v_15_4,25,0.001,11.51761876631717,88.48238123368283
Town01_T-Intersection,v_14_3,v_15_4,30,0.001,11.264682305264309,88.7353176947357
Town01_T-Intersection,v_14_3,v_15_4,5,0.001,17.58809383158586,82.41190616841413
Town01_T-Intersection,v_14_3,v_15_6,10,0.6790736518371481,33.98621096958061,66.01378903041939
Town01_T-Intersection,v_14_3,v_15_6,15,0.9486123400039158,32.65747397972041,67.34252602027959
Town01_T-Intersection,v_14_3,v_15_6,20,0.6417347772582505,31.993105484790306,68.0068945152097
Town01_T-Intersection,v_14_3,v_15_6,25,0.2752069819088187,31.594484387832242,68.40551561216776
Town01_T-Intersection,v_14_3,v_15_6,30,0.5282470382546071,31.328736989860204,68.6712630101398
Town01_T-Intersection,v_14_3,v_15_6,5,0.9371359295500005,37.972421939161215,62.027578060838785
Town01_T-Intersection,v_14_5,v_15_2,10,0.001,33.97309107396002,66.02690892603998
Town01_T-Intersection,v_14_5,v_15_2,15,0.001,32.64872738264001,67.35127261736
Town01_T-Intersection,v_14_5,v_15_2,20,0.001,31.98654553698001,68.01345446302
Town01_T-Intersection,v_14_5,v_15_2,25,0.001,31.58923642958401,68.410763570416
Town01_T-Intersection,v_14_5,v_15_2,30,0.001,31.324363691320006,68.67563630868
Town01_T-Intersection,v_14_5,v_15_2,5,0.001,37.94618214792004,62.05381785207996
Town01_T-Intersection,v_14_5,v_15_5,10,0.001,3.758848098388715,96.24115190161129
Town01_T-Intersection,v_14_5,v_15_5,15,0.001,2.5058987322591433,97.49410126774086
Town01_T-Intersection,v_14_5,v_15_5,20,0.001,1.8794240491943575,98.12057595080564
Town01_T-Intersection,v_14_5,v_15_5,25,0.001,1.503539239355486,98.49646076064451
Town01_T-Intersection,v_14_5,v_15_5,30,0.001,1.2529493661295716,98.74705063387043
Town01_T-Intersection,v_14_5,v_15_5,5,0.001,7.51769619677743,92.48230380322256
Town01_T-Intersection,v_14_5,v_15_1,10,0.001,44.13625365137484,55.86374634862516
Town01_T-Intersection,v_14_5,v_15_1,15,0.001,42.757502434249886,57.242497565750114
Town01_T-Intersection,v_14_5,v_15_1,20,0.001,42.068126825687415,57.931873174312585
Town01_T-Intersection,v_14_5,v_15_1,25,0.001,41.65450146054993,58.34549853945007
Town01_T-Intersection,v_14_5,v_15_1,30,0.001,41.37875121712494,58.62124878287506
Town01_T-Intersection,v_14_5,v_15_1,5,0.001,48.27250730274967,51.72749269725033
Town01_T-Intersection,v_14_5,v_15_3,10,0.001,23.854519755502093,76.1454802444979
Town01_T-Intersection,v_14_5,v_15_3,15,0.001,22.569679837001395,77.43032016299861
Town01_T-Intersection,v_14_5,v_15_3,20,0.001,21.927259877751045,78.07274012224896
Town01_T-Intersection,v_14_5,v_15_3,25,0.001,21.541807902200837,78.45819209779916
Town01_T-Intersection,v_14_5,v_15_3,30,0.001,21.284839918500698,78.7151600814993
Town01_T-Intersection,v_14_5,v_15_3,5,0.001,27.709039511004185,72.29096048899581
Town01_T-Intersection,v_14_5,v_15_7,10,0.001,23.856539385546267,76.14346061445373
Town01_T-Intersection,v_14_5,v_15_7,15,0.001,22.571026257030844,77.42897374296916
Town01_T-Intersection,v_14_5,v_15_7,20,0.001,21.92826969277313,78.07173030722687
Town01_T-Intersection,v_14_5,v_15_7,25,0.001,21.542615754218506,78.4573842457815
Town01_T-Intersection,v_14_5,v_15_7,30,0.001,21.285513128515422,78.71448687148458
Town01_T-Intersection,v_14_5,v_15_7,5,0.001,27.71307877109253,72.28692122890747
Town01_T-Intersection,v_14_5,v_15_4,10,0.001,13.782648574864144,86.21735142513586
Town01_T-Intersection,v_14_5,v_15_4,15,0.001,12.521765716576095,87.4782342834239
Town01_T-Intersection,v_14_5,v_15_4,20,0.001,11.891324287432072,88.10867571256793
Town01_T-Intersection,v_14_5,v_15_4,25,0.001,11.513059429945658,88.48694057005434
Town01_T-Intersection,v_14_5,v_15_4,30,0.001,11.260882858288047,88.73911714171196
Town01_T-Intersection,v_14_5,v_15_4,5,0.001,17.565297149728288,82.43470285027172
Town01_T-Intersection,v_14_5,v_15_6,10,0.878799425132694,13.783618434847826,86.21638156515218
Town01_T-Intersection,v_14_5,v_15_6,15,0.9746082802976663,12.52241228989855,87.47758771010145
Town01_T-Intersection,v_14_5,v_15_6,20,0.716574048362106,11.891809217423912,88.10819078257609
Town01_T-Intersection,v_14_5,v_15_6,25,0.9586207088502473,11.51344737393913,88.48655262606087
Town01_T-Intersection,v_14_5,v_15_6,30,0.7608755177691137,11.261206144949275,88.73879385505073
Town01_T-Intersection,v_14_5,v_15_6,5,0.5672267354532036,17.567236869695652,82.43276313030435
Town01_T-Intersection,v_8_4,v_9_3,10,0.1704867153492366,13.625331107152919,86.37466889284708
Town01_T-Intersection,v_8_4,v_9_3,15,0.6413124825525264,12.416887404768612,87.58311259523138
Town01_T-Intersection,v_8_4,v_9_3,20,0.5655077853665182,11.812665553576458,88.18733444642353
Town01_T-Intersection,v_8_4,v_9_3,25,0.9543437828464421,11.450132442861166,88.54986755713884
Town01_T-Intersection,v_8_4,v_9_3,30,0.8586079719531612,11.208443702384306,88.7915562976157
Town01_T-Intersection,v_8_4,v_9_3,5,0.15716339676298366,17.250662214305837,82.74933778569417
Town01_T-Intersection,v_8_4,v_9_6,10,0.001,23.70084663239634,76.29915336760367
Town01_T-Intersection,v_8_4,v_9_6,15,0.001,22.467231088264224,77.53276891173577
Town01_T-Intersection,v_8_4,v_9_6,20,0.001,21.850423316198167,78.14957668380183
Town01_T-Intersection,v_8_4,v_9_6,25,0.001,21.480338652958533,78.51966134704146
Town01_T-Intersection,v_8_4,v_9_6,30,0.001,21.233615544132114,78.7663844558679
Town01_T-Intersection,v_8_4,v_9_6,5,0.001,27.401693264792677,72.59830673520733
Town01_T-Intersection,v_8_4,v_9_7,10,0.001,33.82501485255052,66.17498514744949
Town01_T-Intersection,v_8_4,v_9_7,15,0.001,32.55000990170034,67.44999009829965
Town01_T-Intersection,v_8_4,v_9_7,20,0.001,31.91250742627526,68.08749257372475
Town01_T-Intersection,v_8_4,v_9_7,25,0.001,31.530005941020207,68.4699940589798
Town01_T-Intersection,v_8_4,v_9_7,30,0.001,31.27500495085017,68.72499504914983
Town01_T-Intersection,v_8_4,v_9_7,5,0.001,37.65002970510103,62.34997029489897
Town01_T-Intersection,v_8_4,v_9_4,10,0.4443716567664172,3.5999890258934255,96.40001097410658
Town01_T-Intersection,v_8_4,v_9_4,15,0.36962348927091004,2.39999268392895,97.60000731607104
Town01_T-Intersection,v_8_4,v_9_4,20,0.9443408933956798,1.7999945129467128,98.20000548705329
Town01_T-Intersection,v_8_4,v_9_4,25,0.6620396543937973,1.4399956103573701,98.56000438964263
Town01_T-Intersection,v_8_4,v_9_4,30,0.7152285973863597,1.199996341964475,98.80000365803552
Town01_T-Intersection,v_8_4,v_9_4,5,0.13972881010601076,7.199978051786851,92.80002194821314
Town01_T-Intersection,v_8_4,v_9_5,10,0.37550265804506966,13.625334972146675,86.37466502785333
Town01_T-Intersection,v_8_4,v_9_5,15,0.6124109437956525,12.416889981431117,87.58311001856889
Town01_T-Intersection,v_8_4,v_9_5,20,0.9627489469255538,11.812667486073337,88.18733251392666
Town01_T-Intersection,v_8_4,v_9_5,25,0.509887190313642,11.45013398885867,88.54986601114133
Town01_T-Intersection,v_8_4,v_9_5,30,0.4686068277734109,11.208444990715558,88.79155500928444
Town01_T-Intersection,v_8_4,v_9_5,5,0.99506051100153,17.25066994429335,82.74933005570665
Town01_T-Intersection,v_8_4,v_9_2,10,0.001,23.70083909285451,76.29916090714549
Town01_T-Intersection,v_8_4,v_9_2,15,0.001,22.467226061903006,77.532773938097
Town01_T-Intersection,v_8_4,v_9_2,20,0.001,21.850419546427254,78.14958045357275
Town01_T-Intersection,v_8_4,v_9_2,25,0.001,21.480335637141803,78.5196643628582
Town01_T-Intersection,v_8_4,v_9_2,30,0.001,21.233613030951503,78.7663869690485
Town01_T-Intersection,v_8_4,v_9_2,5,0.001,27.401678185709013,72.59832181429098
Town01_T-Intersection,v_8_4,v_9_1,10,0.5644756600281639,33.8250040020429,66.1749959979571
Town01_T-Intersection,v_8_4,v_9_1,15,0.8720919121738409,32.5500026680286,67.4499973319714
Town01_T-Intersection,v_8_4,v_9_1,20,0.35560074317458257,31.91250200102145,68.08749799897855
Town01_T-Intersection,v_8_4,v_9_1,25,0.9053673749892022,31.530001600817158,68.46999839918284
Town01_T-Intersection,v_8_4,v_9_1,30,0.21300737016552385,31.2750013340143,68.72499866598571
Town01_T-Intersection,v_8_4,v_9_1,5,0.7053218571749429,37.6500080040858,62.3499919959142
Town01_T-Intersection,v_9_7,v_10_2,10,0.8454310835214289,54.20935161659597,45.79064838340403
Town01_T-Intersection,v_9_7,v_10_2,15,0.8099307979867101,52.806234411063976,47.193765588936024
Town01_T-Intersection,v_9_7,v_10_2,20,0.6144269588798671,52.10467580829798,47.89532419170202
Town01_T-Intersection,v_9_7,v_10_2,25,0.20061847169540434,51.683740646638384,48.316259353361616
Town01_T-Intersection,v_9_7,v_10_2,30,0.18738646787521712,51.40311720553199,48.59688279446801
Town01_T-Intersection,v_9_7,v_10_2,5,0.5161718750177138,58.418703233191934,41.581296766808066
Town01_T-Intersection,v_9_7,v_10_7,10,0.001,3.6000000117725293,96.39999998822748
Town01_T-Intersection,v_9_7,v_10_7,15,0.001,2.4000000078483525,97.59999999215165
Town01_T-Intersection,v_9_7,v_10_7,20,0.001,1.8000000058862646,98.19999999411374
Town01_T-Intersection,v_9_7,v_10_7,25,0.001,1.4400000047090116,98.559999995291
Town01_T-Intersection,v_9_7,v_10_7,30,0.001,1.2000000039241763,98.79999999607583
Town01_T-Intersection,v_9_7,v_10_7,5,0.001,7.2000000235450585,92.79999997645494
Town01_T-Intersection,v_9_7,v_10_3,10,0.4065120640475399,43.995496022320104,56.004503977679896
Town01_T-Intersection,v_9_7,v_10_3,15,0.7815570294449288,42.66366401488007,57.33633598511993
Town01_T-Intersection,v_9_7,v_10_3,20,0.9494604413614909,41.99774801116005,58.00225198883995
Town01_T-Intersection,v_9_7,v_10_3,25,0.9645449718405472,41.59819840892804,58.40180159107196
Town01_T-Intersection,v_9_7,v_10_3,30,0.23924044940088385,41.331832007440035,58.668167992559965
Town01_T-Intersection,v_9_7,v_10_3,5,0.15370239124840807,47.99099204464021,52.00900795535979
Town01_T-Intersection,v_9_7,v_10_1,10,0.001,64.46326374652884,35.53673625347116
Town01_T-Intersection,v_9_7,v_10_1,15,0.001,62.97550916435255,37.02449083564745
Town01_T-Intersection,v_9_7,v_10_1,20,0.001,62.23163187326442,37.76836812673558
Town01_T-Intersection,v_9_7,v_10_1,25,0.001,61.785305498611535,38.214694501388465
Town01_T-Intersection,v_9_7,v_10_1,30,0.001,61.48775458217628,38.51224541782372
Town01_T-Intersection,v_9_7,v_10_1,5,0.001,68.92652749305766,31.073472506942338
Town01_T-Intersection,v_9_7,v_10_6,10,0.4104963584948712,13.62534163275311,86.3746583672469
Town01_T-Intersection,v_9_7,v_10_6,15,0.7828890363073346,12.416894421835405,87.58310557816459
Town01_T-Intersection,v_9_7,v_10_6,20,0.7848537584585297,11.812670816376555,88.18732918362345
Town01_T-Intersection,v_9_7,v_10_6,25,0.3524873396819195,11.450136653101243,88.54986334689876
Town01_T-Intersection,v_9_7,v_10_6,30,0.34275215429284067,11.208447210917702,88.7915527890823
Town01_T-Intersection,v_9_7,v_10_6,5,0.9666693688684617,17.25068326550622,82.74931673449379
Town01_T-Intersection,v_9_7,v_10_5,10,0.3564751750028584,23.700848962169395,76.2991510378306
Town01_T-Intersection,v_9_7,v_10_5,15,0.3780493915050165,22.467232641446262,77.53276735855374
Town01_T-Intersection,v_9_7,v_10_5,20,0.267039884705774,21.850424481084698,78.1495755189153
Town01_T-Intersection,v_9_7,v_10_5,25,0.6888527997033254,21.480339584867757,78.51966041513225
Town01_T-Intersection,v_9_7,v_10_5,30,0.8828312524502095,21.23361632072313,78.76638367927687
Town01_T-Intersection,v_9_7,v_10_5,5,0.13147488876100427,27.401697924338787,72.59830207566121
Town01_T-Intersection,v_9_7,v_10_4,10,0.8616087440039586,33.82501298747061,66.17498701252939
Town01_T-Intersection,v_9_7,v_10_4,15,0.14591871294541697,32.550008658313736,67.44999134168626
Town01_T-Intersection,v_9_7,v_10_4,20,0.14327632354496017,31.912506493735304,68.08749350626469
Town01_T-Intersection,v_9_7,v_10_4,25,0.766550595856303,31.53000519498824,68.46999480501177
Town01_T-Intersection,v_9_7,v_10_4,30,0.12083463039310402,31.275004329156868,68.72499567084313
Town01_T-Intersection,v_9_7,v_10_4,5,0.9035079469470911,37.650025974941215,62.349974025058785
Town01_T-Intersection,v_9_4,v_10_2,10,0.5404879185508741,23.700848962169395,76.2991510378306
Town01_T-Intersection,v_9_4,v_10_2,15,0.8953993509315491,22.467232641446262,77.53276735855374
Town01_T-Intersection,v_9_4,v_10_2,20,0.7232972266710416,21.850424481084698,78.1495755189153
Town01_T-Intersection,v_9_4,v_10_2,25,0.6754292246177928,21.480339584867757,78.51966041513225
Town01_T-Intersection,v_9_4,v_10_2,30,0.18144995887823923,21.23361632072313,78.76638367927687
Town01_T-Intersection,v_9_4,v_10_2,5,0.6664968841097456,27.401697924338787,72.59830207566121
Town01_T-Intersection,v_9_4,v_10_7,10,0.847798994576235,33.82502651657827,66.17497348342172
Town01_T-Intersection,v_9_4,v_10_7,15,0.3498675993128162,32.55001767771884,67.44998232228116
Town01_T-Intersection,v_9_4,v_10_7,20,0.730878757825046,31.912513258289135,68.08748674171086
Town01_T-Intersection,v_9_4,v_10_7,25,0.7157406919840029,31.530010606631308,68.46998939336869
Town01_T-Intersection,v_9_4,v_10_7,30,0.3980550635978227,31.27500883885942,68.72499116114058
Town01_T-Intersection,v_9_4,v_10_7,5,0.38651368380495765,37.65005303315653,62.34994696684347
Town01_T-Intersection,v_9_4,v_10_3,10,0.001,13.62534163275311,86.3746583672469
Town01_T-Intersection,v_9_4,v_10_3,15,0.001,12.416894421835405,87.58310557816459
Town01_T-Intersection,v_9_4,v_10_3,20,0.001,11.812670816376555,88.18732918362345
Town01_T-Intersection,v_9_4,v_10_3,25,0.001,11.450136653101243,88.54986334689876
Town01_T-Intersection,v_9_4,v_10_3,30,0.001,11.208447210917702,88.7915527890823
Town01_T-Intersection,v_9_4,v_10_3,5,0.001,17.25068326550622,82.74931673449379
Town01_T-Intersection,v_9_4,v_10_1,10,0.001,33.82501298747061,66.17498701252939
Town01_T-Intersection,v_9_4,v_10_1,15,0.001,32.550008658313736,67.44999134168626
Town01_T-Intersection,v_9_4,v_10_1,20,0.001,31.912506493735304,68.08749350626469
Town01_T-Intersection,v_9_4,v_10_1,25,0.001,31.53000519498824,68.46999480501177
Town01_T-Intersection,v_9_4,v_10_1,30,0.001,31.275004329156868,68.72499567084313
Town01_T-Intersection,v_9_4,v_10_1,5,0.001,37.650025974941215,62.349974025058785
Town01_T-Intersection,v_9_4,v_10_6,10,0.261708309693382,23.700858132529408,76.2991418674706
Town01_T-Intersection,v_9_4,v_10_6,15,0.46927275322411277,22.467238755019604,77.53276124498039
Town01_T-Intersection,v_9_4,v_10_6,20,0.4637137691892197,21.850429066264706,78.14957093373529
Town01_T-Intersection,v_9_4,v_10_6,25,0.5217004755656618,21.480343253011764,78.51965674698823
Town01_T-Intersection,v_9_4,v_10_6,30,0.7079131765018899,21.233619377509804,78.7663806224902
Town01_T-Intersection,v_9_4,v_10_6,5,0.7097311420205414,27.401716265058816,72.59828373494119
Town01_T-Intersection,v_9_4,v_10_5,10,0.001,13.625346265302742,86.37465373469726
Town01_T-Intersection,v_9_4,v_10_5,15,0.001,12.416897510201828,87.58310248979816
Town01_T-Intersection,v_9_4,v_10_5,20,0.001,11.812673132651371,88.18732686734863
Town01_T-Intersection,v_9_4,v_10_5,25,0.001,11.450138506121096,88.54986149387891
Town01_T-Intersection,v_9_4,v_10_5,30,0.001,11.208448755100914,88.79155124489908
Town01_T-Intersection,v_9_4,v_10_5,5,0.001,17.250692530605484,82.74930746939452
Town01_T-Intersection,v_9_4,v_10_4,10,0.001,3.6000000117725293,96.39999998822748
Town01_T-Intersection,v_9_4,v_10_4,15,0.001,2.4000000078483525,97.59999999215165
Town01_T-Intersection,v_9_4,v_10_4,20,0.001,1.8000000058862646,98.19999999411374
Town01_T-Intersection,v_9_4,v_10_4,25,0.001,1.4400000047090116,98.559999995291
Town01_T-Intersection,v_9_4,v_10_4,30,0.001,1.2000000039241763,98.79999999607583
Town01_T-Intersection,v_9_4,v_10_4,5,0.001,7.2000000235450585,92.79999997645494
Town01_T-Intersection,v_9_5,v_10_2,10,0.8364914002424345,33.82501298747061,66.17498701252939
Town01_T-Intersection,v_9_5,v_10_2,15,0.43145696301745795,32.550008658313736,67.44999134168626
Town01_T-Intersection,v_9_5,v_10_2,20,0.5854130719212942,31.912506493735304,68.08749350626469
Town01_T-Intersection,v_9_5,v_10_2,25,0.5882572668834947,31.53000519498824,68.46999480501177
Town01_T-Intersection,v_9_5,v_10_2,30,0.17759412845485562,31.275004329156868,68.72499567084313
Town01_T-Intersection,v_9_5,v_10_2,5,0.9295779909484342,37.650025974941215,62.349974025058785
Town01_T-Intersection,v_9_5,v_10_7,10,0.001,23.700858132529408,76.2991418674706
Town01_T-Intersection,v_9_5,v_10_7,15,0.001,22.467238755019604,77.53276124498039
Town01_T-Intersection,v_9_5,v_10_7,20,0.001,21.850429066264706,78.14957093373529
Town01_T-Intersection,v_9_5,v_10_7,25,0.001,21.480343253011764,78.51965674698823
Town01_T-Intersection,v_9_5,v_10_7,30,0.001,21.233619377509804,78.7663806224902
Town01_T-Intersection,v_9_5,v_10_7,5,0.001,27.401716265058816,72.59828373494119
Town01_T-Intersection,v_9_5,v_10_3,10,0.001,23.700848962169395,76.2991510378306
Town01_T-Intersection,v_9_5,v_10_3,15,0.001,22.467232641446262,77.53276735855374
Town01_T-Intersection,v_9_5,v_10_3,20,0.001,21.850424481084698,78.1495755189153
Town01_T-Intersection,v_9_5,v_10_3,25,0.001,21.480339584867757,78.51966041513225
Town01_T-Intersection,v_9_5,v_10_3,30,0.001,21.23361632072313,78.76638367927687
Town01_T-Intersection,v_9_5,v_10_3,5,0.001,27.401697924338787,72.59830207566121
Town01_T-Intersection,v_9_5,v_10_1,10,0.001,43.995496022320104,56.004503977679896
Town01_T-Intersection,v_9_5,v_10_1,15,0.001,42.66366401488007,57.33633598511993
Town01_T-Intersection,v_9_5,v_10_1,20,0.001,41.99774801116005,58.00225198883995
Town01_T-Intersection,v_9_5,v_10_1,25,0.001,41.59819840892804,58.40180159107196
Town01_T-Intersection,v_9_5,v_10_1,30,0.001,41.331832007440035,58.668167992559965
Town01_T-Intersection,v_9_5,v_10_1,5,0.001,47.99099204464021,52.00900795535979
Town01_T-Intersection,v_9_5,v_10_6,10,0.37317509312036623,13.625346265302742,86.37465373469726
Town01_T-Intersection,v_9_5,v_10_6,15,0.5490472353217388,12.416897510201828,87.58310248979816
Town01_T-Intersection,v_9_5,v_10_6,20,0.4891083677708433,11.812673132651371,88.18732686734863
Town01_T-Intersection,v_9_5,v_10_6,25,0.6523186677962596,11.450138506121096,88.54986149387891
Town01_T-Intersection,v_9_5,v_10_6,30,0.19708756872430838,11.208448755100914,88.79155124489908
Town01_T-Intersection,v_9_5,v_10_6,5,0.5816645447430656,17.250692530605484,82.74930746939452
Town01_T-Intersection,v_9_5,v_10_5,10,0.001,3.6000000117725293,96.39999998822748
Town01_T-Intersection,v_9_5,v_10_5,15,0.001,2.4000000078483525,97.59999999215165
Town01_T-Intersection,v_9_5,v_10_5,20,0.001,1.8000000058862646,98.19999999411374
Town01_T-Intersection,v_9_5,v_10_5,25,0.001,1.4400000047090116,98.559999995291
Town01_T-Intersection,v_9_5,v_10_5,30,0.001,1.2000000039241763,98.79999999607583
Town01_T-Intersection,v_9_5,v_10_5,5,0.001,7.2000000235450585,92.79999997645494
Town01_T-Intersection,v_9_5,v_10_4,10,0.7692668722832603,13.62534163275311,86.3746583672469
Town01_T-Intersection,v_9_5,v_10_4,15,0.2525396533111439,12.416894421835405,87.58310557816459
Town01_T-Intersection,v_9_5,v_10_4,20,0.5705329421128416,11.812670816376555,88.18732918362345
Town01_T-Intersection,v_9_5,v_10_4,25,0.6797223034004038,11.450136653101243,88.54986334689876
Town01_T-Intersection,v_9_5,v_10_4,30,0.7309857539617507,11.208447210917702,88.7915527890823
Town01_T-Intersection,v_9_5,v_10_4,5,0.577240716902453,17.25068326550622,82.74931673449379
Town01_T-Intersection,v_10_7,v_11_6,10,0.4897262019750467,13.62534163275311,86.3746583672469
Town01_T-Intersection,v_10_7,v_11_6,15,0.6065664253743326,12.416894421835405,87.58310557816459
Town01_T-Intersection,v_10_7,v_11_6,20,0.22898730451838262,11.812670816376555,88.18732918362345
Town01_T-Intersection,v_10_7,v_11_6,25,0.9678326492233983,11.450136653101243,88.54986334689876
Town01_T-Intersection,v_10_7,v_11_6,30,0.9296454885527714,11.208447210917702,88.7915527890823
Town01_T-Intersection,v_10_7,v_11_6,5,0.4387839936368506,17.25068326550622,82.74931673449379
Town01_T-Intersection,v_10_7,v_11_5,10,0.5597711128066521,23.700848962169395,76.2991510378306
Town01_T-Intersection,v_10_7,v_11_5,15,0.34784659681107855,22.467232641446262,77.53276735855374
Town01_T-Intersection,v_10_7,v_11_5,20,0.7035579039186294,21.850424481084698,78.1495755189153
Town01_T-Intersection,v_10_7,v_11_5,25,0.5918938831413998,21.480339584867757,78.51966041513225
Town01_T-Intersection,v_10_7,v_11_5,30,0.2471331836097289,21.23361632072313,78.76638367927687
Town01_T-Intersection,v_10_7,v_11_5,5,0.281000149293768,27.401697924338787,72.59830207566121
Town01_T-Intersection,v_10_7,v_11_7,10,0.001,3.6000000117725293,96.39999998822748
Town01_T-Intersection,v_10_7,v_11_7,15,0.001,2.4000000078483525,97.59999999215165
Town01_T-Intersection,v_10_7,v_11_7,20,0.001,1.8000000058862646,98.19999999411374
Town01_T-Intersection,v_10_7,v_11_7,25,0.001,1.4400000047090116,98.559999995291
Town01_T-Intersection,v_10_7,v_11_7,30,0.001,1.2000000039241763,98.79999999607583
Town01_T-Intersection,v_10_7,v_11_7,5,0.001,7.2000000235450585,92.79999997645494
Town01_T-Intersection,v_10_7,v_11_2,10,0.001,54.20935161659597,45.79064838340403
Town01_T-Intersection,v_10_7,v_11_2,15,0.001,52.806234411063976,47.193765588936024
Town01_T-Intersection,v_10_7,v_11_2,20,0.001,52.10467580829798,47.89532419170202
Town01_T-Intersection,v_10_7,v_11_2,25,0.001,51.683740646638384,48.316259353361616
Town01_T-Intersection,v_10_7,v_11_2,30,0.001,51.40311720553199,48.59688279446801
Town01_T-Intersection,v_10_7,v_11_2,5,0.001,58.418703233191934,41.581296766808066
Town01_T-Intersection,v_10_7,v_11_3,10,0.9850306351978585,43.995496022320104,56.004503977679896
Town01_T-Intersection,v_10_7,v_11_3,15,0.44444169142661527,42.66366401488007,57.33633598511993
Town01_T-Intersection,v_10_7,v_11_3,20,0.3270807860713728,41.99774801116005,58.00225198883995
Town01_T-Intersection,v_10_7,v_11_3,25,0.44405916263282574,41.59819840892804,58.40180159107196
Town01_T-Intersection,v_10_7,v_11_3,30,0.7819792255132436,41.331832007440035,58.668167992559965
Town01_T-Intersection,v_10_7,v_11_3,5,0.3664194989223194,47.99099204464021,52.00900795535979
Town01_T-Intersection,v_10_7,v_11_1,10,0.001,64.46326374652884,35.53673625347116
Town01_T-Intersection,v_10_7,v_11_1,15,0.001,62.97550916435255,37.02449083564745
Town01_T-Intersection,v_10_7,v_11_1,20,0.001,62.23163187326442,37.76836812673558
Town01_T-Intersection,v_10_7,v_11_1,25,0.001,61.785305498611535,38.214694501388465
Town01_T-Intersection,v_10_7,v_11_1,30,0.001,61.48775458217628,38.51224541782372
Town01_T-Intersection,v_10_7,v_11_1,5,0.001,68.92652749305766,31.073472506942338
Town01_T-Intersection,v_10_7,v_11_4,10,0.001,33.82501298747061,66.17498701252939
Town01_T-Intersection,v_10_7,v_11_4,15,0.001,32.550008658313736,67.44999134168626
Town01_T-Intersection,v_10_7,v_11_4,20,0.001,31.912506493735304,68.08749350626469
Town01_T-Intersection,v_10_7,v_11_4,25,0.001,31.53000519498824,68.46999480501177
Town01_T-Intersection,v_10_7,v_11_4,30,0.001,31.275004329156868,68.72499567084313
Town01_T-Intersection,v_10_7,v_11_4,5,0.001,37.650025974941215,62.349974025058785
Town01_T-Intersection,v_10_3,v_11_6,10,0.6401717417633992,33.82502651657827,66.17497348342172
Town01_T-Intersection,v_10_3,v_11_6,15,0.1457219287168586,32.55001767771884,67.44998232228116
Town01_T-Intersection,v_10_3,v_11_6,20,0.9333649621249964,31.912513258289135,68.08748674171086
Town01_T-Intersection,v_10_3,v_11_6,25,0.21206293598045106,31.530010606631308,68.46998939336869
Town01_T-Intersection,v_10_3,v_11_6,30,0.26740364133766176,31.27500883885942,68.72499116114058
Town01_T-Intersection,v_10_3,v_11_6,5,0.4896631860415235,37.65005303315653,62.34994696684347
Town01_T-Intersection,v_10_3,v_11_5,10,0.001,23.700858132529408,76.2991418674706
Town01_T-Intersection,v_10_3,v_11_5,15,0.001,22.467238755019604,77.53276124498039
Town01_T-Intersection,v_10_3,v_11_5,20,0.001,21.850429066264706,78.14957093373529
Town01_T-Intersection,v_10_3,v_11_5,25,0.001,21.480343253011764,78.51965674698823
Town01_T-Intersection,v_10_3,v_11_5,30,0.001,21.233619377509804,78.7663806224902
Town01_T-Intersection,v_10_3,v_11_5,5,0.001,27.401716265058816,72.59828373494119
Town01_T-Intersection,v_10_3,v_11_7,10,0.10780552921896343,43.99551366517546,56.00448633482454
Town01_T-Intersection,v_10_3,v_11_7,15,0.3913324496158598,42.66367577678364,57.33632422321636
Town01_T-Intersection,v_10_3,v_11_7,20,0.4066503291263218,41.99775683258773,58.00224316741227
Town01_T-Intersection,v_10_3,v_11_7,25,0.353820693397045,41.59820546607018,58.40179453392982
Town01_T-Intersection,v_10_3,v_11_7,30,0.9278322734090343,41.33183788839182,58.66816211160818
Town01_T-Intersection,v_10_3,v_11_7,5,0.36243306161740674,47.991027330350924,52.008972669649076
Town01_T-Intersection,v_10_3,v_11_2,10,0.49700325709723814,13.62534163275311,86.3746583672469
Town01_T-Intersection,v_10_3,v_11_2,15,0.15964511036899112,12.416894421835405,87.58310557816459
Town01_T-Intersection,v_10_3,v_11_2,20,0.8178611226541426,11.812670816376555,88.18732918362345
Town01_T-Intersection,v_10_3,v_11_2,25,0.41105652677889504,11.450136653101243,88.54986334689876
Town01_T-Intersection,v_10_3,v_11_2,30,0.625707459753427,11.208447210917702,88.7915527890823
Town01_T-Intersection,v_10_3,v_11_2,5,0.38645635826968916,17.25068326550622,82.74931673449379
Town01_T-Intersection,v_10_3,v_11_3,10,0.9013242105036158,3.6000000117725293,96.39999998822748
Town01_T-Intersection,v_10_3,v_11_3,15,0.16586925540346625,2.4000000078483525,97.59999999215165
Town01_T-Intersection,v_10_3,v_11_3,20,0.7553897625477131,1.8000000058862646,98.19999999411374
Town01_T-Intersection,v_10_3,v_11_3,25,0.26754464397253463,1.4400000047090116,98.559999995291
Town01_T-Intersection,v_10_3,v_11_3,30,0.35943675562211663,1.2000000039241763,98.79999999607583
Town01_T-Intersection,v_10_3,v_11_3,5,0.6911347183315856,7.2000000235450585,92.79999997645494
Town01_T-Intersection,v_10_3,v_11_1,10,0.6724801774081512,23.700848962169395,76.2991510378306
Town01_T-Intersection,v_10_3,v_11_1,15,0.3781680707184203,22.467232641446262,77.53276735855374
Town01_T-Intersection,v_10_3,v_11_1,20,0.6353038964586151,21.850424481084698,78.1495755189153
Town01_T-Intersection,v_10_3,v_11_1,25,0.28590394435484523,21.480339584867757,78.51966041513225
Town01_T-Intersection,v_10_3,v_11_1,30,0.30699505827617174,21.23361632072313,78.76638367927687
Town01_T-Intersection,v_10_3,v_11_1,5,0.2903765623975961,27.401697924338787,72.59830207566121
Town01_T-Intersection,v_10_3,v_11_4,10,0.803945859923889,13.625346265302742,86.37465373469726
Town01_T-Intersection,v_10_3,v_11_4,15,0.7622202987952333,12.416897510201828,87.58310248979816
Town01_T-Intersection,v_10_3,v_11_4,20,0.3231826835220002,11.812673132651371,88.18732686734863
Town01_T-Intersection,v_10_3,v_11_4,25,0.2710560624698377,11.450138506121096,88.54986149387891
Town01_T-Intersection,v_10_3,v_11_4,30,0.9055113480295349,11.208448755100914,88.79155124489908
Town01_T-Intersection,v_10_3,v_11_4,5,0.44975556164186115,17.250692530605484,82.74930746939452
Town01_T-Intersection,v_11_7,v_12_4,10,0.001,33.82502677927773,66.17497322072228
Town01_T-Intersection,v_11_7,v_12_4,15,0.001,32.550017852851816,67.44998214714818
Town01_T-Intersection,v_11_7,v_12_4,20,0.001,31.912513389638864,68.08748661036114
Town01_T-Intersection,v_11_7,v_12_4,25,0.001,31.530010711711093,68.4699892882889
Town01_T-Intersection,v_11_7,v_12_4,30,0.001,31.275008926425908,68.72499107357409
Town01_T-Intersection,v_11_7,v_12_4,5,0.001,37.650053558555456,62.349946441444544
Town01_T-Intersection,v_11_7,v_12_2,10,0.001,54.20937636416087,45.79062363583913
Town01_T-Intersection,v_11_7,v_12_2,15,0.001,52.80625090944058,47.19374909055942
Town01_T-Intersection,v_11_7,v_12_2,20,0.001,52.10468818208043,47.89531181791957
Town01_T-Intersection,v_11_7,v_12_2,25,0.001,51.683750545664346,48.316249454335654
Town01_T-Intersection,v_11_7,v_12_2,30,0.001,51.40312545472029,48.59687454527971
Town01_T-Intersection,v_11_7,v_12_2,5,0.001,58.418752728321735,41.581247271678265
Town01_T-Intersection,v_11_7,v_12_1,10,0.4387727219769393,64.46329310074347,35.53670689925653
Town01_T-Intersection,v_11_7,v_12_1,15,0.41293790778204176,62.97552873382898,37.02447126617102
Town01_T-Intersection,v_11_7,v_12_1,20,0.49335962038969605,62.231646550371735,37.768353449628265
Town01_T-Intersection,v_11_7,v_12_1,25,0.97331083332922,61.78531724029739,38.21468275970261
Town01_T-Intersection,v_11_7,v_12_1,30,0.18205324025563668,61.48776436691449,38.51223563308551
Town01_T-Intersection,v_11_7,v_12_1,5,0.6308258039639089,68.92658620148694,31.07341379851306
Town01_T-Intersection,v_11_7,v_12_5,10,0.2137575045235542,23.700856559746036,76.29914344025397
Town01_T-Intersection,v_11_7,v_12_5,15,0.22568717686187142,22.467237706497357,77.53276229350264
Town01_T-Intersection,v_11_7,v_12_5,20,0.5542663831068783,21.850428279873018,78.14957172012699
Town01_T-Intersection,v_11_7,v_12_5,25,0.43107942810641,21.480342623898412,78.51965737610159
Town01_T-Intersection,v_11_7,v_12_5,30,0.38940728171852945,21.23361885324868,78.76638114675131
Town01_T-Intersection,v_11_7,v_12_5,5,0.2049035990059606,27.40171311949207,72.59828688050793
Town01_T-Intersection,v_11_7,v_12_3,10,0.001,43.99551557054012,56.00448442945988
Town01_T-Intersection,v_11_7,v_12_3,15,0.001,42.663677047026745,57.336322952973255
Town01_T-Intersection,v_11_7,v_12_3,20,0.001,41.99775778527006,58.00224221472994
Town01_T-Intersection,v_11_7,v_12_3,25,0.001,41.59820622821605,58.40179377178395
Town01_T-Intersection,v_11_7,v_12_3,30,0.001,41.331838523513376,58.668161476486624
Town01_T-Intersection,v_11_7,v_12_3,5,0.001,47.991031141080235,52.008968858919765
Town01_T-Intersection,v_11_7,v_12_7,10,0.4577886294851654,3.599994518608534,96.40000548139146
Town01_T-Intersection,v_11_7,v_12_7,15,0.5397886176995742,2.3999963457390225,97.60000365426097
Town01_T-Intersection,v_11_7,v_12_7,20,0.3746217139342721,1.799997259304267,98.20000274069574
Town01_T-Intersection,v_11_7,v_12_7,25,0.44158930698982035,1.4399978074434134,98.56000219255658
Town01_T-Intersection,v_11_7,v_12_7,30,0.23454215604651904,1.1999981728695113,98.80000182713049
Town01_T-Intersection,v_11_7,v_12_7,5,0.9738612203541778,7.199989037217068,92.80001096278293
Town01_T-Intersection,v_11_7,v_12_6,10,0.001,13.625342742913194,86.37465725708681
Town01_T-Intersection,v_11_7,v_12_6,15,0.001,12.41689516194213,87.58310483805786
Town01_T-Intersection,v_11_7,v_12_6,20,0.001,11.812671371456597,88.1873286285434
Town01_T-Intersection,v_11_7,v_12_6,25,0.001,11.450137097165278,88.54986290283472
Town01_T-Intersection,v_11_7,v_12_6,30,0.001,11.208447580971065,88.79155241902893
Town01_T-Intersection,v_11_7,v_12_6,5,0.001,17.250685485826388,82.74931451417362
Town01_T-Intersection,v_11_2,v_12_4,10,0.4521965954335083,23.70086656284466,76.29913343715535
Town01_T-Intersection,v_11_2,v_12_4,15,0.6605956690349999,22.46724437522977,77.53275562477023
Town01_T-Intersection,v_11_2,v_12_4,20,0.704374415166561,21.85043328142233,78.14956671857767
Town01_T-Intersection,v_11_2,v_12_4,25,0.24421317201979764,21.480346625137862,78.51965337486214
Town01_T-Intersection,v_11_2,v_12_4,30,0.6016195007226829,21.233622187614884,78.76637781238512
Town01_T-Intersection,v_11_2,v_12_4,5,0.32816293685839937,27.401733125689315,72.59826687431068
Town01_T-Intersection,v_11_2,v_12_2,10,0.7494645631196145,3.60002198442866,96.39997801557134
Town01_T-Intersection,v_11_2,v_12_2,15,0.810332200173475,2.400014656285773,97.59998534371422
Town01_T-Intersection,v_11_2,v_12_2,20,0.7946446532616974,1.80001099221433,98.19998900778567
Town01_T-Intersection,v_11_2,v_12_2,25,0.3812767342364045,1.4400087937714638,98.55999120622853
Town01_T-Intersection,v_11_2,v_12_2,30,0.9784969817582723,1.2000073281428865,98.79999267185711
Town01_T-Intersection,v_11_2,v_12_2,5,0.7581293091470483,7.20004396885732,92.79995603114268
Town01_T-Intersection,v_11_2,v_12_1,10,0.1448534473271717,13.625370017557039,86.37462998244297
Town01_T-Intersection,v_11_2,v_12_1,15,0.5841079313768134,12.416913345038026,87.58308665496197
Town01_T-Intersection,v_11_2,v_12_1,20,0.5612929622096249,11.81268500877852,88.18731499122148
Town01_T-Intersection,v_11_2,v_12_1,25,0.9076201263377582,11.450148007022815,88.54985199297718
Town01_T-Intersection,v_11_2,v_12_1,30,0.7307802570629222,11.208456672519013,88.79154332748098
Town01_T-Intersection,v_11_2,v_12_1,5,0.3539994022674039,17.250740035114077,82.74925996488592
Town01_T-Intersection,v_11_2,v_12_5,10,0.001,33.82502821262938,66.17497178737062
Town01_T-Intersection,v_11_2,v_12_5,15,0.001,32.55001880841959,67.4499811915804
Town01_T-Intersection,v_11_2,v_12_5,20,0.001,31.91251410631469,68.08748589368531
Town01_T-Intersection,v_11_2,v_12_5,25,0.001,31.530011285051753,68.46998871494824
Town01_T-Intersection,v_11_2,v_12_5,30,0.001,31.275009404209793,68.7249905957902
Town01_T-Intersection,v_11_2,v_12_5,5,0.001,37.650056425258754,62.349943574741246
Town01_T-Intersection,v_11_2,v_12_3,10,0.5351845164328707,13.625361520044036,86.37463847995596
Town01_T-Intersection,v_11_2,v_12_3,15,0.9804027639767784,12.416907680029357,87.58309231997065
Town01_T-Intersection,v_11_2,v_12_3,20,0.8422742773223162,11.812680760022019,88.18731923997798
Town01_T-Intersection,v_11_2,v_12_3,25,0.5685577982343625,11.450144608017615,88.54985539198239
Town01_T-Intersection,v_11_2,v_12_3,30,0.25920829340139595,11.208453840014679,88.79154615998532
Town01_T-Intersection,v_11_2,v_12_3,5,0.1371657139888714,17.250723040088072,82.74927695991192
Town01_T-Intersection,v_11_2,v_12_7,10,0.30799557150885615,54.20936225115354,45.79063774884646
Town01_T-Intersection,v_11_2,v_12_7,15,0.7915710268387037,52.806241500769026,47.193758499230974
Town01_T-Intersection,v_11_2,v_12_7,20,0.4715168742685897,52.10468112557677,47.89531887442323
Town01_T-Intersection,v_11_2,v_12_7,25,0.3537729883667352,51.68374490046141,48.31625509953859
Town01_T-Intersection,v_11_2,v_12_7,30,0.7216133162442718,51.40312075038452,48.59687924961548
Town01_T-Intersection,v_11_2,v_12_7,5,0.9282236739759134,58.41872450230708,41.58127549769292
Town01_T-Intersection,v_11_2,v_12_6,10,0.001,43.9955088935489,56.0044911064511
Town01_T-Intersection,v_11_2,v_12_6,15,0.001,42.66367259569927,57.33632740430073
Town01_T-Intersection,v_11_2,v_12_6,20,0.001,41.99775444677445,58.00224555322555
Town01_T-Intersection,v_11_2,v_12_6,25,0.001,41.59820355741956,58.40179644258044
Town01_T-Intersection,v_11_2,v_12_6,30,0.001,41.331836297849634,58.668163702150366
Town01_T-Intersection,v_11_2,v_12_6,5,0.001,47.9910177870978,52.0089822129022
Town01_T-Intersection,v_7_7,v_8_1,10,0.9320771422887858,64.46329310074347,35.53670689925653
Town01_T-Intersection,v_7_7,v_8_1,15,0.38484421434499394,62.97552873382898,37.02447126617102
Town01_T-Intersection,v_7_7,v_8_1,20,0.5557600478785801,62.231646550371735,37.768353449628265
Town01_T-Intersection,v_7_7,v_8_1,25,0.11239925377683894,61.78531724029739,38.21468275970261
Town01_T-Intersection,v_7_7,v_8_1,30,0.6706012756848185,61.48776436691449,38.51223563308551
Town01_T-Intersection,v_7_7,v_8_1,5,0.9349838068293119,68.92658620148694,31.07341379851306
Town01_T-Intersection,v_7_7,v_8_2,10,0.001,54.20937636416087,45.79062363583913
Town01_T-Intersection,v_7_7,v_8_2,15,0.001,52.80625090944058,47.19374909055942
Town01_T-Intersection,v_7_7,v_8_2,20,0.001,52.10468818208043,47.89531181791957
Town01_T-Intersection,v_7_7,v_8_2,25,0.001,51.683750545664346,48.316249454335654
Town01_T-Intersection,v_7_7,v_8_2,30,0.001,51.40312545472029,48.59687454527971
Town01_T-Intersection,v_7_7,v_8_2,5,0.001,58.418752728321735,41.581247271678265
Town01_T-Intersection,v_7_7,v_8_7,10,0.6238221189248379,3.599994518608534,96.40000548139146
Town01_T-Intersection,v_7_7,v_8_7,15,0.9106130762368415,2.3999963457390225,97.60000365426097
Town01_T-Intersection,v_7_7,v_8_7,20,0.2032005475730883,1.799997259304267,98.20000274069574
Town01_T-Intersection,v_7_7,v_8_7,25,0.34736566570879435,1.4399978074434134,98.56000219255658
Town01_T-Intersection,v_7_7,v_8_7,30,0.6239701699539258,1.1999981728695113,98.80000182713049
Town01_T-Intersection,v_7_7,v_8_7,5,0.40027417019418554,7.199989037217068,92.80001096278293
Town01_T-Intersection,v_7_7,v_8_3,10,0.5208880398182055,43.99551557054012,56.00448442945988
Town01_T-Intersection,v_7_7,v_8_3,15,0.6179602776380392,42.663677047026745,57.336322952973255
Town01_T-Intersection,v_7_7,v_8_3,20,0.9970176188478715,41.99775778527006,58.00224221472994
Town01_T-Intersection,v_7_7,v_8_3,25,0.9204209225061575,41.59820622821605,58.40179377178395
Town01_T-Intersection,v_7_7,v_8_3,30,0.750152637240805,41.331838523513376,58.668161476486624
Town01_T-Intersection,v_7_7,v_8_3,5,0.35853379233459926,47.991031141080235,52.008968858919765
Town01_T-Intersection,v_7_7,v_8_4,10,0.49547208916142493,33.82502677927773,66.17497322072228
Town01_T-Intersection,v_7_7,v_8_4,15,0.2859170444914379,32.550017852851816,67.44998214714818
Town01_T-Intersection,v_7_7,v_8_4,20,0.9195501456910332,31.912513389638864,68.08748661036114
Town01_T-Intersection,v_7_7,v_8_4,25,0.9136863314020538,31.530010711711093,68.4699892882889
Town01_T-Intersection,v_7_7,v_8_4,30,0.15155459857668974,31.275008926425908,68.72499107357409
Town01_T-Intersection,v_7_7,v_8_4,5,0.11087228243851166,37.650053558555456,62.349946441444544
Town01_T-Intersection,v_7_7,v_8_6,10,0.001,13.625342742913194,86.37465725708681
Town01_T-Intersection,v_7_7,v_8_6,15,0.001,12.41689516194213,87.58310483805786
Town01_T-Intersection,v_7_7,v_8_6,20,0.001,11.812671371456597,88.1873286285434
Town01_T-Intersection,v_7_7,v_8_6,25,0.001,11.450137097165278,88.54986290283472
Town01_T-Intersection,v_7_7,v_8_6,30,0.001,11.208447580971065,88.79155241902893
Town01_T-Intersection,v_7_7,v_8_6,5,0.001,17.250685485826388,82.74931451417362
Town01_T-Intersection,v_7_7,v_8_5,10,0.6363016988988859,23.700856559746036,76.29914344025397
Town01_T-Intersection,v_7_7,v_8_5,15,0.5800158079442373,22.467237706497357,77.53276229350264
Town01_T-Intersection,v_7_7,v_8_5,20,0.8585880475932415,21.850428279873018,78.14957172012699
Town01_T-Intersection,v_7_7,v_8_5,25,0.49673112968454747,21.480342623898412,78.51965737610159
Town01_T-Intersection,v_7_7,v_8_5,30,0.9037198894756634,21.23361885324868,78.76638114675131
Town01_T-Intersection,v_7_7,v_8_5,5,0.6137312404906756,27.40171311949207,72.59828688050793
Town01_T-Intersection,v_9_2,v_10_2,10,0.001,3.6000000117725293,96.39999998822748
Town01_T-Intersection,v_9_2,v_10_2,15,0.001,2.4000000078483525,97.59999999215165
Town01_T-Intersection,v_9_2,v_10_2,20,0.001,1.8000000058862646,98.19999999411374
Town01_T-Intersection,v_9_2,v_10_2,25,0.001,1.4400000047090116,98.559999995291
Town01_T-Intersection,v_9_2,v_10_2,30,0.001,1.2000000039241763,98.79999999607583
Town01_T-Intersection,v_9_2,v_10_2,5,0.001,7.2000000235450585,92.79999997645494
Town01_T-Intersection,v_9_2,v_10_7,10,0.001,54.20937307982625,45.79062692017375
Town01_T-Intersection,v_9_2,v_10_7,15,0.001,52.80624871988417,47.19375128011583
Town01_T-Intersection,v_9_2,v_10_7,20,0.001,52.104686539913125,47.895313460086875
Town01_T-Intersection,v_9_2,v_10_7,25,0.001,51.6837492319305,48.3162507680695
Town01_T-Intersection,v_9_2,v_10_7,30,0.001,51.40312435994208,48.59687564005792
Town01_T-Intersection,v_9_2,v_10_7,5,0.001,58.4187461596525,41.5812538403475
Town01_T-Intersection,v_9_2,v_10_3,10,0.001,13.625346265302742,86.37465373469726
Town01_T-Intersection,v_9_2,v_10_3,15,0.001,12.416897510201828,87.58310248979816
Town01_T-Intersection,v_9_2,v_10_3,20,0.001,11.812673132651371,88.18732686734863
Town01_T-Intersection,v_9_2,v_10_3,25,0.001,11.450138506121096,88.54986149387891
Town01_T-Intersection,v_9_2,v_10_3,30,0.001,11.208448755100914,88.79155124489908
Town01_T-Intersection,v_9_2,v_10_3,5,0.001,17.250692530605484,82.74930746939452
Town01_T-Intersection,v_9_2,v_10_1,10,0.1542058290373012,13.62534163275311,86.3746583672469
Town01_T-Intersection,v_9_2,v_10_1,15,0.7008369057933266,12.416894421835405,87.58310557816459
Town01_T-Intersection,v_9_2,v_10_1,20,0.7847571037492741,11.812670816376555,88.18732918362345
Town01_T-Intersection,v_9_2,v_10_1,25,0.3847630462792029,11.450136653101243,88.54986334689876
Town01_T-Intersection,v_9_2,v_10_1,30,0.9174313306606745,11.208447210917702,88.7915527890823
Town01_T-Intersection,v_9_2,v_10_1,5,0.7389870688819166,17.25068326550622,82.74931673449379
Town01_T-Intersection,v_9_2,v_10_6,10,0.001,43.99551366517546,56.00448633482454
Town01_T-Intersection,v_9_2,v_10_6,15,0.001,42.66367577678364,57.33632422321636
Town01_T-Intersection,v_9_2,v_10_6,20,0.001,41.99775683258773,58.00224316741227
Town01_T-Intersection,v_9_2,v_10_6,25,0.001,41.59820546607018,58.40179453392982
Town01_T-Intersection,v_9_2,v_10_6,30,0.001,41.33183788839182,58.66816211160818
Town01_T-Intersection,v_9_2,v_10_6,5,0.001,47.991027330350924,52.008972669649076
Town01_T-Intersection,v_9_2,v_10_5,10,0.5955776722464883,33.82502651657827,66.17497348342172
Town01_T-Intersection,v_9_2,v_10_5,15,0.4425680613313637,32.55001767771884,67.44998232228116
Town01_T-Intersection,v_9_2,v_10_5,20,0.7372832403786164,31.912513258289135,68.08748674171086
Town01_T-Intersection,v_9_2,v_10_5,25,0.5936765288955119,31.530010606631308,68.46998939336869
Town01_T-Intersection,v_9_2,v_10_5,30,0.4645684580104059,31.27500883885942,68.72499116114058
Town01_T-Intersection,v_9_2,v_10_5,5,0.8377682029453511,37.65005303315653,62.34994696684347
Town01_T-Intersection,v_9_2,v_10_4,10,0.001,23.700858132529408,76.2991418674706
Town01_T-Intersection,v_9_2,v_10_4,15,0.001,22.467238755019604,77.53276124498039
Town01_T-Intersection,v_9_2,v_10_4,20,0.001,21.850429066264706,78.14957093373529
Town01_T-Intersection,v_9_2,v_10_4,25,0.001,21.480343253011764,78.51965674698823
Town01_T-Intersection,v_9_2,v_10_4,30,0.001,21.233619377509804,78.7663806224902
Town01_T-Intersection,v_9_2,v_10_4,5,0.001,27.401716265058816,72.59828373494119
Town01_T-Intersection,v_12_2,v_13_6,10,0.001,43.88362977420114,56.11637022579886
Town01_T-Intersection,v_12_2,v_13_6,15,0.001,42.58908651613409,57.41091348386591
Town01_T-Intersection,v_12_2,v_13_6,20,0.001,41.94181488710057,58.05818511289943
Town01_T-Intersection,v_12_2,v_13_6,25,0.001,41.553451909680454,58.446548090319546
Town01_T-Intersection,v_12_2,v_13_6,30,0.001,41.294543258067044,58.705456741932956
Town01_T-Intersection,v_12_2,v_13_6,5,0.001,47.76725954840227,52.23274045159773
Town01_T-Intersection,v_12_2,v_13_7,10,0.8697924997459943,53.97827212134816,46.02172787865184
Town01_T-Intersection,v_12_2,v_13_7,15,0.3227470824925748,52.65218141423211,47.34781858576789
Town01_T-Intersection,v_12_2,v_13_7,20,0.20131369929226506,51.989136060674085,48.010863939325915
Town01_T-Intersection,v_12_2,v_13_7,25,0.3686615445225846,51.59130884853926,48.40869115146074
Town01_T-Intersection,v_12_2,v_13_7,30,0.9784002215053758,51.32609070711605,48.67390929288395
Town01_T-Intersection,v_12_2,v_13_7,5,0.5776454446507973,57.956544242696324,42.043455757303676
Town01_T-Intersection,v_12_2,v_13_2,10,0.4529079494517825,3.989141906196246,96.01085809380375
Town01_T-Intersection,v_12_2,v_13_2,15,0.4834241599713115,2.6594279374641636,97.34057206253584
Town01_T-Intersection,v_12_2,v_13_2,20,0.7181054440883173,1.994570953098123,98.00542904690188
Town01_T-Intersection,v_12_2,v_13_2,25,0.9941725986642237,1.5956567624784983,98.4043432375215
Town01_T-Intersection,v_12_2,v_13_2,30,0.6139614290948968,1.3297139687320818,98.67028603126792
Town01_T-Intersection,v_12_2,v_13_2,5,0.458375930637571,7.978283812392492,92.02171618760751
Town01_T-Intersection,v_12_2,v_13_1,10,0.001,14.12901390094257,85.87098609905743
Town01_T-Intersection,v_12_2,v_13_1,15,0.001,12.752675933961713,87.24732406603829
Town01_T-Intersection,v_12_2,v_13_1,20,0.001,12.064506950471285,87.93549304952872
Town01_T-Intersection,v_12_2,v_13_1,25,0.001,11.651605560377028,88.34839443962298
Town01_T-Intersection,v_12_2,v_13_1,30,0.001,11.376337966980856,88.62366203301914
Town01_T-Intersection,v_12_2,v_13_1,5,0.001,18.25802780188514,81.74197219811487
Town01_T-Intersection,v_12_2,v_13_3,10,0.1337033847522791,13.892402436769384,86.10759756323061
Town01_T-Intersection,v_12_2,v_13_3,15,0.9771033723542503,12.594934957846256,87.40506504215375
Town01_T-Intersection,v_12_2,v_13_3,20,0.9252977402988981,11.946201218384692,88.05379878161531
Town01_T-Intersection,v_12_2,v_13_3,25,0.22749130971471726,11.556960974707753,88.44303902529225
Town01_T-Intersection,v_12_2,v_13_3,30,0.7184303161579153,11.297467478923128,88.70253252107688
Town01_T-Intersection,v_12_2,v_13_3,5,0.6315965818960596,17.784804873538768,82.21519512646123
Town01_T-Intersection,v_12_2,v_13_4,10,0.001,23.841398615781277,76.15860138421873
Town01_T-Intersection,v_12_2,v_13_4,15,0.001,22.56093241052085,77.43906758947915
Town01_T-Intersection,v_12_2,v_13_4,20,0.001,21.920699307890636,78.07930069210937
Town01_T-Intersection,v_12_2,v_13_4,25,0.001,21.53655944631251,78.46344055368749
Town01_T-Intersection,v_12_2,v_13_4,30,0.001,21.280466205260424,78.71953379473958
Town01_T-Intersection,v_12_2,v_13_4,5,0.001,27.68279723156255,72.31720276843745
Town01_T-Intersection,v_12_2,v_13_5,10,0.001,33.83809008883607,66.16190991116393
Town01_T-Intersection,v_12_2,v_13_5,15,0.001,32.558726725890715,67.44127327410928
Town01_T-Intersection,v_12_2,v_13_5,20,0.001,31.919045044418034,68.08095495558197
Town01_T-Intersection,v_12_2,v_13_5,25,0.001,31.535236035534428,68.46476396446558
Town01_T-Intersection,v_12_2,v_13_5,30,0.001,31.279363362945357,68.72063663705464
Town01_T-Intersection,v_12_2,v_13_5,5,0.001,37.67618017767214,62.32381982232786
Town01_T-Intersection,v_12_1,v_13_6,10,0.001,54.08707410892686,45.91292589107314
Town01_T-Intersection,v_12_1,v_13_6,15,0.001,52.72471607261791,47.27528392738209
Town01_T-Intersection,v_12_1,v_13_6,20,0.001,52.04353705446343,47.95646294553657
Town01_T-Intersection,v_12_1,v_13_6,25,0.001,51.63482964357075,48.36517035642925
Town01_T-Intersection,v_12_1,v_13_6,30,0.001,51.362358036308954,48.637641963691046
Town01_T-Intersection,v_12_1,v_13_6,5,0.001,58.17414821785372,41.82585178214628
Town01_T-Intersection,v_12_1,v_13_7,10,0.001,64.2242698546706,35.775730145329405
Town01_T-Intersection,v_12_1,v_13_7,15,0.001,62.81617990311373,37.18382009688627
Town01_T-Intersection,v_12_1,v_13_7,20,0.001,62.1121349273353,37.8878650726647
Town01_T-Intersection,v_12_1,v_13_7,25,0.001,61.689707941868235,38.310292058131765
Town01_T-Intersection,v_12_1,v_13_7,30,0.001,61.40808995155687,38.59191004844313
Town01_T-Intersection,v_12_1,v_13_7,5,0.001,68.44853970934119,31.55146029065881
Town01_T-Intersection,v_12_1,v_13_2,10,0.001,14.010870046665065,85.98912995333494
Town01_T-Intersection,v_12_1,v_13_2,15,0.001,12.673913364443377,87.32608663555662
Town01_T-Intersection,v_12_1,v_13_2,20,0.001,12.005435023332533,87.99456497666746
Town01_T-Intersection,v_12_1,v_13_2,25,0.001,11.604348018666027,88.39565198133397
Town01_T-Intersection,v_12_1,v_13_2,30,0.001,11.33695668222169,88.66304331777832
Town01_T-Intersection,v_12_1,v_13_2,5,0.001,18.02174009333013,81.97825990666988
Town01_T-Intersection,v_12_1,v_13_1,10,0.9344540074313954,4.106531493946346,95.89346850605365
Town01_T-Intersection,v_12_1,v_13_1,15,0.37100949954215756,2.7376876626308975,97.2623123373691
Town01_T-Intersection,v_12_1,v_13_1,20,0.7350500136711174,2.053265746973173,97.94673425302683
Town01_T-Intersection,v_12_1,v_13_1,25,0.9841617716045019,1.6426125975785386,98.35738740242147
Town01_T-Intersection,v_12_1,v_13_1,30,0.51041829920581,1.3688438313154487,98.63115616868456
Town01_T-Intersection,v_12_1,v_13_1,5,0.7118478225101081,8.213062987892693,91.7869370121073
Town01_T-Intersection,v_12_1,v_13_3,10,0.001,23.959619444024412,76.04038055597559
Town01_T-Intersection,v_12_1,v_13_3,15,0.001,22.639746296016273,77.36025370398373
Town01_T-Intersection,v_12_1,v_13_3,20,0.001,21.979809722012206,78.0201902779878
Town01_T-Intersection,v_12_1,v_13_3,25,0.001,21.583847777609765,78.41615222239024
Town01_T-Intersection,v_12_1,v_13_3,30,0.001,21.31987314800814,78.68012685199186
Town01_T-Intersection,v_12_1,v_13_3,5,0.001,27.919238888048824,72.08076111195118
Town01_T-Intersection,v_12_1,v_13_4,10,0.001,33.954629961459354,66.04537003854065
Town01_T-Intersection,v_12_1,v_13_4,15,0.001,32.636419974306236,67.36358002569376
Town01_T-Intersection,v_12_1,v_13_4,20,0.001,31.977314980729677,68.02268501927033
Town01_T-Intersection,v_12_1,v_13_4,25,0.001,31.581851984583743,68.41814801541625
Town01_T-Intersection,v_12_1,v_13_4,30,0.001,31.318209987153118,68.68179001284688
Town01_T-Intersection,v_12_1,v_13_4,5,0.001,37.90925992291871,62.09074007708129
Town01_T-Intersection,v_12_1,v_13_5,10,0.3112051467481611,43.997017729173244,56.002982270826756
Town01_T-Intersection,v_12_1,v_13_5,15,0.7896399714370951,42.66467848611549,57.33532151388451
Town01_T-Intersection,v_12_1,v_13_5,20,0.9734412825937838,41.99850886458662,58.00149113541338
Town01_T-Intersection,v_12_1,v_13_5,25,0.293103431115333,41.59880709166929,58.40119290833071
Town01_T-Intersection,v_12_1,v_13_5,30,0.35105313935480353,41.332339243057746,58.667660756942254
Town01_T-Intersection,v_12_1,v_13_5,5,0.9564363667015677,47.99403545834648,52.00596454165352
Town01_T-Intersection,v_12_5,v_13_6,10,0.001,13.537028312762981,86.46297168723702
Town01_T-Intersection,v_12_5,v_13_6,15,0.001,12.35801887517532,87.64198112482468
Town01_T-Intersection,v_12_5,v_13_6,20,0.001,11.76851415638149,88.23148584361851
Town01_T-Intersection,v_12_5,v_13_6,25,0.001,11.414811325105191,88.58518867489481
Town01_T-Intersection,v_12_5,v_13_6,30,0.001,11.17900943758766,88.82099056241233
Town01_T-Intersection,v_12_5,v_13_6,5,0.001,17.074056625525962,82.92594337447403
Town01_T-Intersection,v_12_5,v_13_7,10,0.001,23.486865535042572,76.51313446495743
Town01_T-Intersection,v_12_5,v_13_7,15,0.001,22.324577023361716,77.67542297663829
Town01_T-Intersection,v_12_5,v_13_7,20,0.001,21.743432767521288,78.25656723247872
Town01_T-Intersection,v_12_5,v_13_7,25,0.001,21.39474621401703,78.60525378598297
Town01_T-Intersection,v_12_5,v_13_7,30,0.001,21.162288511680856,78.83771148831914
Town01_T-Intersection,v_12_5,v_13_7,5,0.001,26.973731070085144,73.02626892991486
Town01_T-Intersection,v_12_5,v_13_2,10,0.001,34.205525044577826,65.79447495542217
Town01_T-Intersection,v_12_5,v_13_2,15,0.001,32.80368336305188,67.19631663694813
Town01_T-Intersection,v_12_5,v_13_2,20,0.001,32.10276252228891,67.89723747771109
Town01_T-Intersection,v_12_5,v_13_2,25,0.001,31.682210017831128,68.31778998216888
Town01_T-Intersection,v_12_5,v_13_2,30,0.001,31.40184168152594,68.59815831847406
Town01_T-Intersection,v_12_5,v_13_2,5,0.001,38.411050089155644,61.588949910844356
Town01_T-Intersection,v_12_5,v_13_1,10,0.26140963438069453,44.47071578452342,55.52928421547658
Town01_T-Intersection,v_12_5,v_13_1,15,0.6761227330279724,42.98047718968228,57.01952281031772
Town01_T-Intersection,v_12_5,v_13_1,20,0.7484675567568807,42.23535789226171,57.76464210773829
Town01_T-Intersection,v_12_5,v_13_1,25,0.4476528294527311,41.788286313809365,58.211713686190635
Town01_T-Intersection,v_12_5,v_13_1,30,0.8253325418971748,41.49023859484114,58.50976140515886
Town01_T-Intersection,v_12_5,v_13_1,5,0.615954519222686,48.94143156904684,51.05856843095316
Town01_T-Intersection,v_12_5,v_13_3,10,0.3724681815881328,23.975557484991977,76.02444251500802
Town01_T-Intersection,v_12_5,v_13_3,15,0.5989641521080245,22.650371656661317,77.34962834333868
Town01_T-Intersection,v_12_5,v_13_3,20,0.14703497664693552,21.987778742495987,78.01222125750401
Town01_T-Intersection,v_12_5,v_13_3,25,0.2867104213193197,21.59022299399679,78.40977700600321
Town01_T-Intersection,v_12_5,v_13_3,30,0.6898240794670177,21.32518582833066,78.67481417166934
Town01_T-Intersection,v_12_5,v_13_3,5,0.80197941580969,27.951114969983955,72.04888503001604
Town01_T-Intersection,v_12_5,v_13_4,10,0.9968998741788384,13.784851683566435,86.21514831643357
Town01_T-Intersection,v_12_5,v_13_4,15,0.5930801456619822,12.523234455710956,87.47676554428904
Town01_T-Intersection,v_12_5,v_13_4,20,0.46904563041307146,11.892425841783217,88.10757415821678
Town01_T-Intersection,v_12_5,v_13_4,25,0.9224086873705096,11.513940673426575,88.48605932657343
Town01_T-Intersection,v_12_5,v_13_4,30,0.4788750508747446,11.261617227855478,88.73838277214452
Town01_T-Intersection,v_12_5,v_13_4,5,0.4051932466617413,17.56970336713287,82.43029663286713
Town01_T-Intersection,v_12_5,v_13_5,10,0.6057243536471162,3.6374228211991113,96.36257717880089
Town01_T-Intersection,v_12_5,v_13_5,15,0.1730070888476889,2.424948547466074,97.57505145253393
Town01_T-Intersection,v_12_5,v_13_5,20,0.6958853237286835,1.8187114105995557,98.18128858940044
Town01_T-Intersection,v_12_5,v_13_5,25,0.18687013478359726,1.4549691284796444,98.54503087152035
Town01_T-Intersection,v_12_5,v_13_5,30,0.37191708772135257,1.212474273733037,98.78752572626696
Town01_T-Intersection,v_12_5,v_13_5,5,0.3415694042195311,7.274845642398223,92.72515435760178
Town01_T-Intersection,v_12_3,v_13_6,10,0.001,33.721677312199844,66.27832268780016
Town01_T-Intersection,v_12_3,v_13_6,15,0.001,32.48111820813323,67.51888179186676
Town01_T-Intersection,v_12_3,v_13_6,20,0.001,31.860838656099922,68.13916134390007
Town01_T-Intersection,v_12_3,v_13_6,25,0.001,31.488670924879937,68.51132907512006
Town01_T-Intersection,v_12_3,v_13_6,30,0.001,31.240559104066616,68.75944089593338
Town01_T-Intersection,v_12_3,v_13_6,5,0.001,37.44335462439969,62.55664537560031
Town01_T-Intersection,v_12_3,v_13_7,10,0.11437128878552283,43.770568801163904,56.229431198836096
Town01_T-Intersection,v_12_3,v_13_7,15,0.9719884209194172,42.51371253410927,57.48628746589073
Town01_T-Intersection,v_12_3,v_13_7,20,0.45119255629246,41.88528440058195,58.11471559941805
Town01_T-Intersection,v_12_3,v_13_7,25,0.485096752276305,41.50822752046556,58.49177247953444
Town01_T-Intersection,v_12_3,v_13_7,30,0.6796149265729252,41.25685626705463,58.74314373294537
Town01_T-Intersection,v_12_3,v_13_7,5,0.14986555082578523,47.5411376023278,52.4588623976722
Town01_T-Intersection,v_12_3,v_13_2,10,0.001,14.014066817836863,85.98593318216314
Town01_T-Intersection,v_12_3,v_13_2,15,0.001,12.676044545224574,87.32395545477543
Town01_T-Intersection,v_12_3,v_13_2,20,0.001,12.007033408918431,87.99296659108157
Town01_T-Intersection,v_12_3,v_13_2,25,0.001,11.605626727134744,88.39437327286525
Town01_T-Intersection,v_12_3,v_13_2,30,0.001,11.338022272612287,88.66197772738771
Town01_T-Intersection,v_12_3,v_13_2,5,0.001,18.028133635673726,81.97186636432627
Town01_T-Intersection,v_12_3,v_13_1,10,0.6573828922080962,24.197410629488775,75.80258937051123
Town01_T-Intersection,v_12_3,v_13_1,15,0.7595899055394193,22.798273752992518,77.20172624700749
Town01_T-Intersection,v_12_3,v_13_1,20,0.21621072626635407,22.09870531474439,77.9012946852556
Town01_T-Intersection,v_12_3,v_13_1,25,0.28424710518102403,21.67896425179551,78.3210357482045
Town01_T-Intersection,v_12_3,v_13_1,30,0.3904429249768647,21.399136876496257,78.60086312350374
Town01_T-Intersection,v_12_3,v_13_1,5,0.6936939242385893,28.39482125897755,71.60517874102246
Town01_T-Intersection,v_12_3,v_13_3,10,0.001,3.871822908166706,96.1281770918333
Town01_T-Intersection,v_12_3,v_13_3,15,0.001,2.581215272111137,97.41878472788886
Town01_T-Intersection,v_12_3,v_13_3,20,0.001,1.935911454083353,98.06408854591665
Town01_T-Intersection,v_12_3,v_13_3,25,0.001,1.5487291632666824,98.45127083673331
Town01_T-Intersection,v_12_3,v_13_3,30,0.001,1.2906076360555685,98.70939236394443
Town01_T-Intersection,v_12_3,v_13_3,5,0.001,7.743645816333412,92.25635418366659
Town01_T-Intersection,v_12_3,v_13_4,10,0.001,13.773939217289087,86.22606078271092
Town01_T-Intersection,v_12_3,v_13_4,15,0.001,12.515959478192723,87.48404052180727
Town01_T-Intersection,v_12_3,v_13_4,20,0.001,11.886969608644543,88.11303039135545
Town01_T-Intersection,v_12_3,v_13_4,25,0.001,11.509575686915634,88.49042431308436
Town01_T-Intersection,v_12_3,v_13_4,30,0.001,11.257979739096362,88.74202026090364
Town01_T-Intersection,v_12_3,v_13_4,5,0.001,17.547878434578173,82.45212156542183
Town01_T-Intersection,v_12_3,v_13_5,10,0.001,23.723197915627367,76.27680208437263
Town01_T-Intersection,v_12_3,v_13_5,15,0.001,22.48213194375158,77.51786805624842
Town01_T-Intersection,v_12_3,v_13_5,20,0.001,21.861598957813683,78.13840104218632
Town01_T-Intersection,v_12_3,v_13_5,25,0.001,21.48927916625095,78.51072083374905
Town01_T-Intersection,v_12_3,v_13_5,30,0.001,21.24106597187579,78.7589340281242
Town01_T-Intersection,v_12_3,v_13_5,5,0.001,27.446395831254737,72.55360416874527
Town01_T-Intersection,v_8_6,v_9_3,10,0.001,33.82501432721709,66.17498567278291
Town01_T-Intersection,v_8_6,v_9_3,15,0.001,32.55000955147806,67.44999044852193
Town01_T-Intersection,v_8_6,v_9_3,20,0.001,31.912507163608545,68.08749283639145
Town01_T-Intersection,v_8_6,v_9_3,25,0.001,31.530005730886838,68.46999426911316
Town01_T-Intersection,v_8_6,v_9_3,30,0.001,31.27500477573903,68.72499522426097
Town01_T-Intersection,v_8_6,v_9_3,5,0.001,37.65002865443419,62.34997134556581
Town01_T-Intersection,v_8_6,v_9_6,10,0.3432782881174743,3.6000000122215083,96.39999998777849
Town01_T-Intersection,v_8_6,v_9_6,15,0.14012270736446686,2.4000000081476722,97.59999999185233
Town01_T-Intersection,v_8_6,v_9_6,20,0.2960709938871543,1.8000000061107542,98.19999999388925
Town01_T-Intersection,v_8_6,v_9_6,25,0.18917661014582435,1.4400000048886032,98.5599999951114
Town01_T-Intersection,v_8_6,v_9_6,30,0.34507911907600564,1.2000000040738361,98.79999999592616
Town01_T-Intersection,v_8_6,v_9_6,5,0.8797146670332577,7.200000024443017,92.79999997555699
Town01_T-Intersection,v_8_6,v_9_7,10,0.001,13.625345882008617,86.37465411799138
Town01_T-Intersection,v_8_6,v_9_7,15,0.001,12.41689725467241,87.5831027453276
Town01_T-Intersection,v_8_6,v_9_7,20,0.001,11.812672941004308,88.18732705899569
Town01_T-Intersection,v_8_6,v_9_7,25,0.001,11.450138352803446,88.54986164719655
Town01_T-Intersection,v_8_6,v_9_7,30,0.001,11.208448627336205,88.79155137266379
Town01_T-Intersection,v_8_6,v_9_7,5,0.001,17.250691764017233,82.74930823598277
Town01_T-Intersection,v_8_6,v_9_4,10,0.4975906274888702,23.70084977804308,76.29915022195692
Town01_T-Intersection,v_8_6,v_9_4,15,0.6839289942258622,22.467233185362055,77.53276681463794
Town01_T-Intersection,v_8_6,v_9_4,20,0.5880668618795458,21.85042488902154,78.14957511097846
Town01_T-Intersection,v_8_6,v_9_4,25,0.2757350135551705,21.480339911217232,78.51966008878277
Town01_T-Intersection,v_8_6,v_9_4,30,0.7892089086175987,21.233616592681027,78.76638340731897
Town01_T-Intersection,v_8_6,v_9_4,5,0.2315423949061858,27.40169955608616,72.59830044391384
Town01_T-Intersection,v_8_6,v_9_5,10,0.001,13.625342017015312,86.37465798298469
Town01_T-Intersection,v_8_6,v_9_5,15,0.001,12.416894678010207,87.58310532198979
Town01_T-Intersection,v_8_6,v_9_5,20,0.001,11.812671008507657,88.18732899149234
Town01_T-Intersection,v_8_6,v_9_5,25,0.001,11.450136806806125,88.54986319319387
Town01_T-Intersection,v_8_6,v_9_5,30,0.001,11.208447339005104,88.7915526609949
Town01_T-Intersection,v_8_6,v_9_5,5,0.001,17.250684034030623,82.74931596596937
Town01_T-Intersection,v_8_6,v_9_2,10,0.001,43.995498002925174,56.004501997074826
Town01_T-Intersection,v_8_6,v_9_2,15,0.001,42.66366533528345,57.33633466471655
Town01_T-Intersection,v_8_6,v_9_2,20,0.001,41.99774900146259,58.00225099853741
Town01_T-Intersection,v_8_6,v_9_2,25,0.001,41.59819920117007,58.40180079882993
Town01_T-Intersection,v_8_6,v_9_2,30,0.001,41.33183266764173,58.66816733235827
Town01_T-Intersection,v_8_6,v_9_2,5,0.001,47.99099600585034,52.00900399414966
Town01_T-Intersection,v_8_6,v_9_1,10,0.001,54.20935444550548,45.79064555449452
Town01_T-Intersection,v_8_6,v_9_1,15,0.001,52.80623629700366,47.19376370299634
Town01_T-Intersection,v_8_6,v_9_1,20,0.001,52.10467722275274,47.89532277724726
Town01_T-Intersection,v_8_6,v_9_1,25,0.001,51.68374177820219,48.31625822179781
Town01_T-Intersection,v_8_6,v_9_1,30,0.001,51.403118148501825,48.596881851498175
Town01_T-Intersection,v_8_6,v_9_1,5,0.001,58.418708891010965,41.581291108989035
Town01_T-Intersection,v_10_1,v_11_6,10,0.4800446957062454,54.20937307982625,45.79062692017375
Town01_T-Intersection,v_10_1,v_11_6,15,0.2597914621338109,52.80624871988417,47.19375128011583
Town01_T-Intersection,v_10_1,v_11_6,20,0.7131509414134084,52.104686539913125,47.895313460086875
Town01_T-Intersection,v_10_1,v_11_6,25,0.3491120433185071,51.6837492319305,48.3162507680695
Town01_T-Intersection,v_10_1,v_11_6,30,0.31215916824876133,51.40312435994208,48.59687564005792
Town01_T-Intersection,v_10_1,v_11_6,5,0.2157256689979331,58.4187461596525,41.5812538403475
Town01_T-Intersection,v_10_1,v_11_5,10,0.917055822784902,43.99551366517546,56.00448633482454
Town01_T-Intersection,v_10_1,v_11_5,15,0.9132604224487685,42.66367577678364,57.33632422321636
Town01_T-Intersection,v_10_1,v_11_5,20,0.6313009737229651,41.99775683258773,58.00224316741227
Town01_T-Intersection,v_10_1,v_11_5,25,0.7347763119605994,41.59820546607018,58.40179453392982
Town01_T-Intersection,v_10_1,v_11_5,30,0.36472934236615195,41.33183788839182,58.66816211160818
Town01_T-Intersection,v_10_1,v_11_5,5,0.36068973244286795,47.991027330350924,52.008972669649076
Town01_T-Intersection,v_10_1,v_11_7,10,0.6964859281912124,64.46328872133212,35.53671127866788
Town01_T-Intersection,v_10_1,v_11_7,15,0.7069317691566126,62.975525814221406,37.024474185778594
Town01_T-Intersection,v_10_1,v_11_7,20,0.5087326939557396,62.23164436066606,37.76835563933394
Town01_T-Intersection,v_10_1,v_11_7,25,0.9477815552228972,61.785315488532845,38.214684511467155
Town01_T-Intersection,v_10_1,v_11_7,30,0.4224424010369121,61.48776290711071,38.51223709288929
Town01_T-Intersection,v_10_1,v_11_7,5,0.8404845525677619,68.92657744266423,31.073422557335775
Town01_T-Intersection,v_10_1,v_11_2,10,0.7641938175455797,13.625346265302742,86.37465373469726
Town01_T-Intersection,v_10_1,v_11_2,15,0.32277603156176154,12.416897510201828,87.58310248979816
Town01_T-Intersection,v_10_1,v_11_2,20,0.8399723733481111,11.812673132651371,88.18732686734863
Town01_T-Intersection,v_10_1,v_11_2,25,0.9282626793322505,11.450138506121096,88.54986149387891
Town01_T-Intersection,v_10_1,v_11_2,30,0.9127671640650946,11.208448755100914,88.79155124489908
Town01_T-Intersection,v_10_1,v_11_2,5,0.5482815025016807,17.250692530605484,82.74930746939452
Town01_T-Intersection,v_10_1,v_11_3,10,0.3368948461146032,23.700858132529408,76.2991418674706
Town01_T-Intersection,v_10_1,v_11_3,15,0.40972605764010206,22.467238755019604,77.53276124498039
Town01_T-Intersection,v_10_1,v_11_3,20,0.8470427225690221,21.850429066264706,78.14957093373529
Town01_T-Intersection,v_10_1,v_11_3,25,0.6898164726460831,21.480343253011764,78.51965674698823
Town01_T-Intersection,v_10_1,v_11_3,30,0.8430217134620341,21.233619377509804,78.7663806224902
Town01_T-Intersection,v_10_1,v_11_3,5,0.4097064872428834,27.401716265058816,72.59828373494119
Town01_T-Intersection,v_10_1,v_11_1,10,0.001,3.6000000117725293,96.39999998822748
Town01_T-Intersection,v_10_1,v_11_1,15,0.001,2.4000000078483525,97.59999999215165
Town01_T-Intersection,v_10_1,v_11_1,20,0.001,1.8000000058862646,98.19999999411374
Town01_T-Intersection,v_10_1,v_11_1,25,0.001,1.4400000047090116,98.559999995291
Town01_T-Intersection,v_10_1,v_11_1,30,0.001,1.2000000039241763,98.79999999607583
Town01_T-Intersection,v_10_1,v_11_1,5,0.001,7.2000000235450585,92.79999997645494
Town01_T-Intersection,v_10_1,v_11_4,10,0.34545774593879036,33.82502651657827,66.17497348342172
Town01_T-Intersection,v_10_1,v_11_4,15,0.7933356393714334,32.55001767771884,67.44998232228116
Town01_T-Intersection,v_10_1,v_11_4,20,0.5806879885604477,31.912513258289135,68.08748674171086
Town01_T-Intersection,v_10_1,v_11_4,25,0.44558876161714667,31.530010606631308,68.46998939336869
Town01_T-Intersection,v_10_1,v_11_4,30,0.5843597124708299,31.27500883885942,68.72499116114058
Town01_T-Intersection,v_10_1,v_11_4,5,0.41266365491027923,37.65005303315653,62.34994696684347
Town01_T-Intersection,v_10_6,v_11_6,10,0.9750106872702136,3.6000000117725293,96.39999998822748
Town01_T-Intersection,v_10_6,v_11_6,15,0.19103671231884228,2.4000000078483525,97.59999999215165
Town01_T-Intersection,v_10_6,v_11_6,20,0.6093832362341031,1.8000000058862646,98.19999999411374
Town01_T-Intersection,v_10_6,v_11_6,25,0.5893055588817436,1.4400000047090116,98.559999995291
Town01_T-Intersection,v_10_6,v_11_6,30,0.9020150842064659,1.2000000039241763,98.79999999607583
Town01_T-Intersection,v_10_6,v_11_6,5,0.22132033178693827,7.2000000235450585,92.79999997645494
Town01_T-Intersection,v_10_6,v_11_5,10,0.001,13.62534163275311,86.3746583672469
Town01_T-Intersection,v_10_6,v_11_5,15,0.001,12.416894421835405,87.58310557816459
Town01_T-Intersection,v_10_6,v_11_5,20,0.001,11.812670816376555,88.18732918362345
Town01_T-Intersection,v_10_6,v_11_5,25,0.001,11.450136653101243,88.54986334689876
Town01_T-Intersection,v_10_6,v_11_5,30,0.001,11.208447210917702,88.7915527890823
Town01_T-Intersection,v_10_6,v_11_5,5,0.001,17.25068326550622,82.74931673449379
Town01_T-Intersection,v_10_6,v_11_7,10,0.19593468298765604,13.625346265302742,86.37465373469726
Town01_T-Intersection,v_10_6,v_11_7,15,0.3817855254639114,12.416897510201828,87.58310248979816
Town01_T-Intersection,v_10_6,v_11_7,20,0.8239784579523323,11.812673132651371,88.18732686734863
Town01_T-Intersection,v_10_6,v_11_7,25,0.7082321672491784,11.450138506121096,88.54986149387891
Town01_T-Intersection,v_10_6,v_11_7,30,0.19969587592838478,11.208448755100914,88.79155124489908
Town01_T-Intersection,v_10_6,v_11_7,5,0.17234487177619476,17.250692530605484,82.74930746939452
Town01_T-Intersection,v_10_6,v_11_2,10,0.001,43.995496022320104,56.004503977679896
Town01_T-Intersection,v_10_6,v_11_2,15,0.001,42.66366401488007,57.33633598511993
Town01_T-Intersection,v_10_6,v_11_2,20,0.001,41.99774801116005,58.00225198883995
Town01_T-Intersection,v_10_6,v_11_2,25,0.001,41.59819840892804,58.40180159107196
Town01_T-Intersection,v_10_6,v_11_2,30,0.001,41.331832007440035,58.668167992559965
Town01_T-Intersection,v_10_6,v_11_2,5,0.001,47.99099204464021,52.00900795535979
Town01_T-Intersection,v_10_6,v_11_3,10,0.001,33.82501298747061,66.17498701252939
Town01_T-Intersection,v_10_6,v_11_3,15,0.001,32.550008658313736,67.44999134168626
Town01_T-Intersection,v_10_6,v_11_3,20,0.001,31.912506493735304,68.08749350626469
Town01_T-Intersection,v_10_6,v_11_3,25,0.001,31.53000519498824,68.46999480501177
Town01_T-Intersection,v_10_6,v_11_3,30,0.001,31.275004329156868,68.72499567084313
Town01_T-Intersection,v_10_6,v_11_3,5,0.001,37.650025974941215,62.349974025058785
Town01_T-Intersection,v_10_6,v_11_1,10,0.001,54.20935161659597,45.79064838340403
Town01_T-Intersection,v_10_6,v_11_1,15,0.001,52.806234411063976,47.193765588936024
Town01_T-Intersection,v_10_6,v_11_1,20,0.001,52.10467580829798,47.89532419170202
Town01_T-Intersection,v_10_6,v_11_1,25,0.001,51.683740646638384,48.316259353361616
Town01_T-Intersection,v_10_6,v_11_1,30,0.001,51.40311720553199,48.59688279446801
Town01_T-Intersection,v_10_6,v_11_1,5,0.001,58.418703233191934,41.581296766808066
Town01_T-Intersection,v_10_6,v_11_4,10,0.2865326463680251,23.700848962169395,76.2991510378306
Town01_T-Intersection,v_10_6,v_11_4,15,0.2285627468702083,22.467232641446262,77.53276735855374
Town01_T-Intersection,v_10_6,v_11_4,20,0.6205398426215774,21.850424481084698,78.1495755189153
Town01_T-Intersection,v_10_6,v_11_4,25,0.11805426298300614,21.480339584867757,78.51966041513225
Town01_T-Intersection,v_10_6,v_11_4,30,0.5282430838620528,21.23361632072313,78.76638367927687
Town01_T-Intersection,v_10_6,v_11_4,5,0.6748927793966142,27.401697924338787,72.59830207566121
Town01_T-Intersection,v_8_5,v_9_3,10,0.9490352492417411,23.70084443544813,76.29915556455187
Town01_T-Intersection,v_8_5,v_9_3,15,0.8644654387922492,22.467229623632086,77.53277037636792
Town01_T-Intersection,v_8_5,v_9_3,20,0.17660274309239077,21.850422217724066,78.14957778227594
Town01_T-Intersection,v_8_5,v_9_3,25,0.2619237788185751,21.48033777417925,78.51966222582075
Town01_T-Intersection,v_8_5,v_9_3,30,0.3969014358148618,21.233614811816043,78.76638518818396
Town01_T-Intersection,v_8_5,v_9_3,5,0.7940801746360051,27.401688870896262,72.59831112910373
Town01_T-Intersection,v_8_5,v_9_6,10,0.23352964443077753,13.625340427077385,86.37465957292261
Town01_T-Intersection,v_8_5,v_9_6,15,0.992488578562655,12.416893618051589,87.58310638194841
Town01_T-Intersection,v_8_5,v_9_6,20,0.3556166175914367,11.812670213538691,88.1873297864613
Town01_T-Intersection,v_8_5,v_9_6,25,0.5312369177828618,11.450136170830953,88.54986382916904
Town01_T-Intersection,v_8_5,v_9_6,30,0.22558155360787713,11.208446809025794,88.79155319097421
Town01_T-Intersection,v_8_5,v_9_6,5,0.6500938987419068,17.25068085415477,82.74931914584523
Town01_T-Intersection,v_8_5,v_9_7,10,0.001,23.70085197499848,76.29914802500153
Town01_T-Intersection,v_8_5,v_9_7,15,0.001,22.467234649998986,77.53276535000101
Town01_T-Intersection,v_8_5,v_9_7,20,0.001,21.85042598749924,78.14957401250076
Town01_T-Intersection,v_8_5,v_9_7,25,0.001,21.480340789999392,78.51965921000061
Town01_T-Intersection,v_8_5,v_9_7,30,0.001,21.233617324999493,78.7663826750005
Town01_T-Intersection,v_8_5,v_9_7,5,0.001,27.401703949996957,72.59829605000304
Town01_T-Intersection,v_8_5,v_9_4,10,0.001,13.625336562083842,86.37466343791615
Town01_T-Intersection,v_8_5,v_9_4,15,0.001,12.416891041389228,87.58310895861078
Town01_T-Intersection,v_8_5,v_9_4,20,0.001,11.81266828104192,88.18733171895808
Town01_T-Intersection,v_8_5,v_9_4,25,0.001,11.450134624833536,88.54986537516646
Town01_T-Intersection,v_8_5,v_9_4,30,0.001,11.208445520694614,88.79155447930539
Town01_T-Intersection,v_8_5,v_9_4,5,0.001,17.250673124167683,82.74932687583231
Town01_T-Intersection,v_8_5,v_9_5,10,0.5719301982578532,3.599994519057486,96.40000548094251
Town01_T-Intersection,v_8_5,v_9_5,15,0.17204630954491867,2.399996346038324,97.60000365396168
Town01_T-Intersection,v_8_5,v_9_5,20,0.4787388468778303,1.799997259528743,98.20000274047126
Town01_T-Intersection,v_8_5,v_9_5,25,0.28779096685556566,1.4399978076229945,98.560002192377
Town01_T-Intersection,v_8_5,v_9_5,30,0.6489521339578436,1.199998173019162,98.80000182698083
Town01_T-Intersection,v_8_5,v_9_5,5,0.7501170996949165,7.199989038114972,92.80001096188502
Town01_T-Intersection,v_8_5,v_9_2,10,0.41387746300631767,33.82500916462952,66.17499083537048
Town01_T-Intersection,v_8_5,v_9_2,15,0.12625985511408222,32.550006109753014,67.44999389024699
Town01_T-Intersection,v_8_5,v_9_2,20,0.22229571600725181,31.91250458231476,68.08749541768523
Town01_T-Intersection,v_8_5,v_9_2,25,0.7036730682964235,31.530003665851808,68.46999633414819
Town01_T-Intersection,v_8_5,v_9_2,30,0.6206043090463985,31.275003054876507,68.7249969451235
Town01_T-Intersection,v_8_5,v_9_2,5,0.23967406098459604,37.65001832925905,62.34998167074095
Town01_T-Intersection,v_8_5,v_9_1,10,0.001,43.99549307430239,56.00450692569761
Town01_T-Intersection,v_8_5,v_9_1,15,0.001,42.66366204953492,57.33633795046508
Town01_T-Intersection,v_8_5,v_9_1,20,0.001,41.997746537151194,58.002253462848806
Town01_T-Intersection,v_8_5,v_9_1,25,0.001,41.59819722972095,58.40180277027905
Town01_T-Intersection,v_8_5,v_9_1,30,0.001,41.33183102476746,58.66816897523254
Town01_T-Intersection,v_8_5,v_9_1,5,0.001,47.990986148604776,52.009013851395224
Town01_T-Intersection,v_11_3,v_12_4,10,0.001,13.625356065106658,86.37464393489334
Town01_T-Intersection,v_11_3,v_12_4,15,0.001,12.41690404340444,87.58309595659556
Town01_T-Intersection,v_11_3,v_12_4,20,0.001,11.812678032553329,88.18732196744668
Town01_T-Intersection,v_11_3,v_12_4,25,0.001,11.450142426042664,88.54985757395734
Town01_T-Intersection,v_11_3,v_12_4,30,0.001,11.20845202170222,88.79154797829779
Town01_T-Intersection,v_11_3,v_12_4,5,0.001,17.250712130213316,82.74928786978668
Town01_T-Intersection,v_11_3,v_12_2,10,0.6021378044028126,13.625364562627126,86.37463543737287
Town01_T-Intersection,v_11_3,v_12_2,15,0.8620755255094096,12.416909708418086,87.58309029158191
Town01_T-Intersection,v_11_3,v_12_2,20,0.761397071357797,11.812682281313563,88.18731771868644
Town01_T-Intersection,v_11_3,v_12_2,25,0.19216976774004424,11.45014582505085,88.54985417494915
Town01_T-Intersection,v_11_3,v_12_2,30,0.1719458298031524,11.208454854209043,88.79154514579096
Town01_T-Intersection,v_11_3,v_12_2,5,0.33684876850582207,17.250729125254253,82.74927087474575
Town01_T-Intersection,v_11_3,v_12_1,10,0.001,23.700877930139917,76.29912206986009
Town01_T-Intersection,v_11_3,v_12_1,15,0.001,22.46725195342661,77.53274804657339
Town01_T-Intersection,v_11_3,v_12_1,20,0.001,21.85043896506996,78.14956103493004
Town01_T-Intersection,v_11_3,v_12_1,25,0.001,21.48035117205597,78.51964882794402
Town01_T-Intersection,v_11_3,v_12_1,30,0.001,21.233625976713306,78.76637402328669
Town01_T-Intersection,v_11_3,v_12_1,5,0.001,27.401755860279835,72.59824413972017
Town01_T-Intersection,v_11_3,v_12_5,10,0.001,23.700861220237456,76.29913877976254
Town01_T-Intersection,v_11_3,v_12_5,15,0.001,22.467240813491635,77.53275918650837
Town01_T-Intersection,v_11_3,v_12_5,20,0.001,21.85043061011873,78.14956938988126
Town01_T-Intersection,v_11_3,v_12_5,25,0.001,21.480344488094982,78.51965551190501
Town01_T-Intersection,v_11_3,v_12_5,30,0.001,21.233620406745818,78.76637959325419
Town01_T-Intersection,v_11_3,v_12_5,5,0.001,27.401722440474913,72.59827755952509
Town01_T-Intersection,v_11_3,v_12_3,10,0.001,3.600016491264638,96.39998350873536
Town01_T-Intersection,v_11_3,v_12_3,15,0.001,2.400010994176425,97.59998900582357
Town01_T-Intersection,v_11_3,v_12_3,20,0.001,1.800008245632319,98.19999175436769
Town01_T-Intersection,v_11_3,v_12_3,25,0.001,1.4400065965058553,98.55999340349415
Town01_T-Intersection,v_11_3,v_12_3,30,0.001,1.2000054970882126,98.79999450291179
Town01_T-Intersection,v_11_3,v_12_3,5,0.001,7.200032982529276,92.79996701747072
Town01_T-Intersection,v_11_3,v_12_7,10,0.8579859900414921,43.99550396731523,56.00449603268477
Town01_T-Intersection,v_11_3,v_12_7,15,0.3013215939859992,42.66366931154349,57.33633068845651
Town01_T-Intersection,v_11_3,v_12_7,20,0.7383621031058436,41.997751983657615,58.002248016342385
Town01_T-Intersection,v_11_3,v_12_7,25,0.9648257658644173,41.598201586926095,58.401798413073905
Town01_T-Intersection,v_11_3,v_12_7,30,0.6095219113910684,41.33183465577174,58.66816534422826
Town01_T-Intersection,v_11_3,v_12_7,5,0.13445955565427833,47.99100793463046,52.00899206536954
Town01_T-Intersection,v_11_3,v_12_6,10,0.5796453745482485,33.82502305002833,66.17497694997166
Town01_T-Intersection,v_11_3,v_12_6,15,0.44792524625285435,32.55001536668555,67.44998463331444
Town01_T-Intersection,v_11_3,v_12_6,20,0.7227394710888689,31.912511525014164,68.08748847498583
Town01_T-Intersection,v_11_3,v_12_6,25,0.9655380784514053,31.53000922001133,68.46999077998868
Town01_T-Intersection,v_11_3,v_12_6,30,0.9485133955166779,31.275007683342775,68.72499231665722
Town01_T-Intersection,v_11_3,v_12_6,5,0.4971137990852359,37.650046100056656,62.349953899943344
Town01_T-Intersection,v_10_5,v_11_6,10,0.001,13.625346265302742,86.37465373469726
Town01_T-Intersection,v_10_5,v_11_6,15,0.001,12.416897510201828,87.58310248979816
Town01_T-Intersection,v_10_5,v_11_6,20,0.001,11.812673132651371,88.18732686734863
Town01_T-Intersection,v_10_5,v_11_6,25,0.001,11.450138506121096,88.54986149387891
Town01_T-Intersection,v_10_5,v_11_6,30,0.001,11.208448755100914,88.79155124489908
Town01_T-Intersection,v_10_5,v_11_6,5,0.001,17.250692530605484,82.74930746939452
Town01_T-Intersection,v_10_5,v_11_5,10,0.9887439294566346,3.6000000117725293,96.39999998822748
Town01_T-Intersection,v_10_5,v_11_5,15,0.4755774930483355,2.4000000078483525,97.59999999215165
Town01_T-Intersection,v_10_5,v_11_5,20,0.899267555528601,1.8000000058862646,98.19999999411374
Town01_T-Intersection,v_10_5,v_11_5,25,0.34777282030071216,1.4400000047090116,98.559999995291
Town01_T-Intersection,v_10_5,v_11_5,30,0.9370264408694224,1.2000000039241763,98.79999999607583
Town01_T-Intersection,v_10_5,v_11_5,5,0.18868054188585343,7.2000000235450585,92.79999997645494
Town01_T-Intersection,v_10_5,v_11_7,10,0.971764024897834,23.700858132529408,76.2991418674706
Town01_T-Intersection,v_10_5,v_11_7,15,0.680145860868573,22.467238755019604,77.53276124498039
Town01_T-Intersection,v_10_5,v_11_7,20,0.3205824053142808,21.850429066264706,78.14957093373529
Town01_T-Intersection,v_10_5,v_11_7,25,0.23577863883272226,21.480343253011764,78.51965674698823
Town01_T-Intersection,v_10_5,v_11_7,30,0.12776337825967052,21.233619377509804,78.7663806224902
Town01_T-Intersection,v_10_5,v_11_7,5,0.6865372296539834,27.401716265058816,72.59828373494119
Town01_T-Intersection,v_10_5,v_11_2,10,0.3310006935252647,33.82501298747061,66.17498701252939
Town01_T-Intersection,v_10_5,v_11_2,15,0.9828180499913766,32.550008658313736,67.44999134168626
Town01_T-Intersection,v_10_5,v_11_2,20,0.5569996041649327,31.912506493735304,68.08749350626469
Town01_T-Intersection,v_10_5,v_11_2,25,0.645954768853052,31.53000519498824,68.46999480501177
Town01_T-Intersection,v_10_5,v_11_2,30,0.3779960033614568,31.275004329156868,68.72499567084313
Town01_T-Intersection,v_10_5,v_11_2,5,0.3491025730042798,37.650025974941215,62.349974025058785
Town01_T-Intersection,v_10_5,v_11_3,10,0.001,23.700848962169395,76.2991510378306
Town01_T-Intersection,v_10_5,v_11_3,15,0.001,22.467232641446262,77.53276735855374
Town01_T-Intersection,v_10_5,v_11_3,20,0.001,21.850424481084698,78.1495755189153
Town01_T-Intersection,v_10_5,v_11_3,25,0.001,21.480339584867757,78.51966041513225
Town01_T-Intersection,v_10_5,v_11_3,30,0.001,21.23361632072313,78.76638367927687
Town01_T-Intersection,v_10_5,v_11_3,5,0.001,27.401697924338787,72.59830207566121
Town01_T-Intersection,v_10_5,v_11_1,10,0.6040141331377917,43.995496022320104,56.004503977679896
Town01_T-Intersection,v_10_5,v_11_1,15,0.24138537013620628,42.66366401488007,57.33633598511993
Town01_T-Intersection,v_10_5,v_11_1,20,0.11332896465382761,41.99774801116005,58.00225198883995
Town01_T-Intersection,v_10_5,v_11_1,25,0.827926198708057,41.59819840892804,58.40180159107196
Town01_T-Intersection,v_10_5,v_11_1,30,0.46529972248075724,41.331832007440035,58.668167992559965
Town01_T-Intersection,v_10_5,v_11_1,5,0.40017216630745,47.99099204464021,52.00900795535979
Town01_T-Intersection,v_10_5,v_11_4,10,0.1043457471463357,13.62534163275311,86.3746583672469
Town01_T-Intersection,v_10_5,v_11_4,15,0.7472299397487822,12.416894421835405,87.58310557816459
Town01_T-Intersection,v_10_5,v_11_4,20,0.9600818843888912,11.812670816376555,88.18732918362345
Town01_T-Intersection,v_10_5,v_11_4,25,0.1869359823410361,11.450136653101243,88.54986334689876
Town01_T-Intersection,v_10_5,v_11_4,30,0.7970593818442455,11.208447210917702,88.7915527890823
Town01_T-Intersection,v_10_5,v_11_4,5,0.5034414857218085,17.25068326550622,82.74931673449379
Town01_T-Intersection,v_14_6,v_15_2,10,0.001,44.131486647082106,55.868513352917894
Town01_T-Intersection,v_14_6,v_15_2,15,0.001,42.75432443138807,57.24567556861193
Town01_T-Intersection,v_14_6,v_15_2,20,0.001,42.06574332354106,57.93425667645894
Town01_T-Intersection,v_14_6,v_15_2,25,0.001,41.65259465883284,58.34740534116716
Town01_T-Intersection,v_14_6,v_15_2,30,0.001,41.377162215694035,58.622837784305965
Town01_T-Intersection,v_14_6,v_15_2,5,0.001,48.26297329416421,51.73702670583579
Town01_T-Intersection,v_14_6,v_15_5,10,0.001,13.777425878239843,86.22257412176016
Town01_T-Intersection,v_14_6,v_15_5,15,0.001,12.518283918826562,87.48171608117343
Town01_T-Intersection,v_14_6,v_15_5,20,0.001,11.888712939119921,88.11128706088007
Town01_T-Intersection,v_14_6,v_15_5,25,0.001,11.510970351295937,88.48902964870406
Town01_T-Intersection,v_14_6,v_15_5,30,0.001,11.25914195941328,88.74085804058672
Town01_T-Intersection,v_14_6,v_15_5,5,0.001,17.554851756479685,82.44514824352032
Town01_T-Intersection,v_14_6,v_15_1,10,0.001,54.33682578388156,45.66317421611844
Town01_T-Intersection,v_14_6,v_15_1,15,0.001,52.89121718925437,47.10878281074563
Town01_T-Intersection,v_14_6,v_15_1,20,0.001,52.16841289194078,47.83158710805922
Town01_T-Intersection,v_14_6,v_15_1,25,0.001,51.734730313552625,48.265269686447375
Town01_T-Intersection,v_14_6,v_15_1,30,0.001,51.44560859462719,48.55439140537281
Town01_T-Intersection,v_14_6,v_15_1,5,0.001,58.673651567763116,41.326348432236884
Town01_T-Intersection,v_14_6,v_15_3,10,0.789495228366827,33.96811758855047,66.03188241144953
Town01_T-Intersection,v_14_6,v_15_3,15,0.609000208111158,32.64541172570031,67.35458827429969
Town01_T-Intersection,v_14_6,v_15_3,20,0.18869909256001072,31.984058794275235,68.01594120572477
Town01_T-Intersection,v_14_6,v_15_3,25,0.7077097606525448,31.587247035420187,68.41275296457981
Town01_T-Intersection,v_14_6,v_15_3,30,0.9549313072151618,31.322705862850157,68.67729413714984
Town01_T-Intersection,v_14_6,v_15_3,5,0.380110228342568,37.93623517710094,62.06376482289906
Town01_T-Intersection,v_14_6,v_15_7,10,0.15056932402180645,13.778404382725764,86.22159561727423
Town01_T-Intersection,v_14_6,v_15_7,15,0.3422988038380327,12.51893625515051,87.4810637448495
Town01_T-Intersection,v_14_6,v_15_7,20,0.8578111173130099,11.889202191362882,88.11079780863712
Town01_T-Intersection,v_14_6,v_15_7,25,0.44201990923026024,11.511361753090306,88.48863824690969
Town01_T-Intersection,v_14_6,v_15_7,30,0.19878600218886258,11.259468127575255,88.74053187242474
Town01_T-Intersection,v_14_6,v_15_7,5,0.29758419503446404,17.556808765451528,82.44319123454846
Town01_T-Intersection,v_14_6,v_15_4,10,0.001,23.8493916263992,76.1506083736008
Town01_T-Intersection,v_14_6,v_15_4,15,0.001,22.56626108426613,77.43373891573387
Town01_T-Intersection,v_14_6,v_15_4,20,0.001,21.924695813199598,78.0753041868004
Town01_T-Intersection,v_14_6,v_15_4,25,0.001,21.539756650559678,78.46024334944032
Town01_T-Intersection,v_14_6,v_15_4,30,0.001,21.283130542133065,78.71686945786693
Town01_T-Intersection,v_14_6,v_15_4,5,0.001,27.698783252798396,72.30121674720161
Town01_T-Intersection,v_14_6,v_15_6,10,0.6543502506016377,3.7535960728601436,96.24640392713985
Town01_T-Intersection,v_14_6,v_15_6,15,0.229369301126687,2.502397381906762,97.49760261809324
Town01_T-Intersection,v_14_6,v_15_6,20,0.9177063975488986,1.8767980364300718,98.12320196356993
Town01_T-Intersection,v_14_6,v_15_6,25,0.7264309165466499,1.5014384291440575,98.49856157085594
Town01_T-Intersection,v_14_6,v_15_6,30,0.8688306669865434,1.251198690953381,98.74880130904661
Town01_T-Intersection,v_14_6,v_15_6,5,0.4748837185385054,7.507192145720287,92.49280785427972
Town01_T-Intersection,v_9_1,v_10_2,10,0.001,13.625346265302742,86.37465373469726
Town01_T-Intersection,v_9_1,v_10_2,15,0.001,12.416897510201828,87.58310248979816
Town01_T-Intersection,v_9_1,v_10_2,20,0.001,11.812673132651371,88.18732686734863
Town01_T-Intersection,v_9_1,v_10_2,25,0.001,11.450138506121096,88.54986149387891
Town01_T-Intersection,v_9_1,v_10_2,30,0.001,11.208448755100914,88.79155124489908
Town01_T-Intersection,v_9_1,v_10_2,5,0.001,17.250692530605484,82.74930746939452
Town01_T-Intersection,v_9_1,v_10_7,10,0.23150247802888307,64.46328872133212,35.53671127866788
Town01_T-Intersection,v_9_1,v_10_7,15,0.19111247743517606,62.975525814221406,37.024474185778594
Town01_T-Intersection,v_9_1,v_10_7,20,0.7824633022084975,62.23164436066606,37.76835563933394
Town01_T-Intersection,v_9_1,v_10_7,25,0.5315746039209527,61.785315488532845,38.214684511467155
Town01_T-Intersection,v_9_1,v_10_7,30,0.6078565801588056,61.48776290711071,38.51223709288929
Town01_T-Intersection,v_9_1,v_10_7,5,0.24654368824380385,68.92657744266423,31.073422557335775
Town01_T-Intersection,v_9_1,v_10_3,10,0.804536797950597,23.700858132529408,76.2991418674706
Town01_T-Intersection,v_9_1,v_10_3,15,0.2829836696519331,22.467238755019604,77.53276124498039
Town01_T-Intersection,v_9_1,v_10_3,20,0.4815089815069622,21.850429066264706,78.14957093373529
Town01_T-Intersection,v_9_1,v_10_3,25,0.14457196578496354,21.480343253011764,78.51965674698823
Town01_T-Intersection,v_9_1,v_10_3,30,0.6602263709729349,21.233619377509804,78.7663806224902
Town01_T-Intersection,v_9_1,v_10_3,5,0.2739726078808461,27.401716265058816,72.59828373494119
Town01_T-Intersection,v_9_1,v_10_1,10,0.9015040838558855,3.6000000117725293,96.39999998822748
Town01_T-Intersection,v_9_1,v_10_1,15,0.9962772034046719,2.4000000078483525,97.59999999215165
Town01_T-Intersection,v_9_1,v_10_1,20,0.42035633517542925,1.8000000058862646,98.19999999411374
Town01_T-Intersection,v_9_1,v_10_1,25,0.442437482006922,1.4400000047090116,98.559999995291
Town01_T-Intersection,v_9_1,v_10_1,30,0.7912794572314669,1.2000000039241763,98.79999999607583
Town01_T-Intersection,v_9_1,v_10_1,5,0.4899573990149365,7.2000000235450585,92.79999997645494
Town01_T-Intersection,v_9_1,v_10_6,10,0.001,54.20937307982625,45.79062692017375
Town01_T-Intersection,v_9_1,v_10_6,15,0.001,52.80624871988417,47.19375128011583
Town01_T-Intersection,v_9_1,v_10_6,20,0.001,52.104686539913125,47.895313460086875
Town01_T-Intersection,v_9_1,v_10_6,25,0.001,51.6837492319305,48.3162507680695
Town01_T-Intersection,v_9_1,v_10_6,30,0.001,51.40312435994208,48.59687564005792
Town01_T-Intersection,v_9_1,v_10_6,5,0.001,58.4187461596525,41.5812538403475
Town01_T-Intersection,v_9_1,v_10_5,10,0.001,43.99551366517546,56.00448633482454
Town01_T-Intersection,v_9_1,v_10_5,15,0.001,42.66367577678364,57.33632422321636
Town01_T-Intersection,v_9_1,v_10_5,20,0.001,41.99775683258773,58.00224316741227
Town01_T-Intersection,v_9_1,v_10_5,25,0.001,41.59820546607018,58.40179453392982
Town01_T-Intersection,v_9_1,v_10_5,30,0.001,41.33183788839182,58.66816211160818
Town01_T-Intersection,v_9_1,v_10_5,5,0.001,47.991027330350924,52.008972669649076
Town01_T-Intersection,v_9_1,v_10_4,10,0.5065947691300815,33.82502651657827,66.17497348342172
Town01_T-Intersection,v_9_1,v_10_4,15,0.3333896653238678,32.55001767771884,67.44998232228116
Town01_T-Intersection,v_9_1,v_10_4,20,0.9504537682502365,31.912513258289135,68.08748674171086
Town01_T-Intersection,v_9_1,v_10_4,25,0.7747655737042851,31.530010606631308,68.46998939336869
Town01_T-Intersection,v_9_1,v_10_4,30,0.3971936218614769,31.27500883885942,68.72499116114058
Town01_T-Intersection,v_9_1,v_10_4,5,0.7303954359781814,37.65005303315653,62.34994696684347
Town01_T-Intersection,v_10_4,v_11_6,10,0.001,23.700858132529408,76.2991418674706
Town01_T-Intersection,v_10_4,v_11_6,15,0.001,22.467238755019604,77.53276124498039
Town01_T-Intersection,v_10_4,v_11_6,20,0.001,21.850429066264706,78.14957093373529
Town01_T-Intersection,v_10_4,v_11_6,25,0.001,21.480343253011764,78.51965674698823
Town01_T-Intersection,v_10_4,v_11_6,30,0.001,21.233619377509804,78.7663806224902
Town01_T-Intersection,v_10_4,v_11_6,5,0.001,27.401716265058816,72.59828373494119
Town01_T-Intersection,v_10_4,v_11_5,10,0.6615253852326731,13.625346265302742,86.37465373469726
Town01_T-Intersection,v_10_4,v_11_5,15,0.7551687497900219,12.416897510201828,87.58310248979816
Town01_T-Intersection,v_10_4,v_11_5,20,0.1610857262729198,11.812673132651371,88.18732686734863
Town01_T-Intersection,v_10_4,v_11_5,25,0.41690517119719506,11.450138506121096,88.54986149387891
Town01_T-Intersection,v_10_4,v_11_5,30,0.5176634060104619,11.208448755100914,88.79155124489908
Town01_T-Intersection,v_10_4,v_11_5,5,0.10414290632996044,17.250692530605484,82.74930746939452
Town01_T-Intersection,v_10_4,v_11_7,10,0.43733029126741163,33.82502651657827,66.17497348342172
Town01_T-Intersection,v_10_4,v_11_7,15,0.6392661993388025,32.55001767771884,67.44998232228116
Town01_T-Intersection,v_10_4,v_11_7,20,0.19351939548636932,31.912513258289135,68.08748674171086
Town01_T-Intersection,v_10_4,v_11_7,25,0.6916417130242112,31.530010606631308,68.46998939336869
Town01_T-Intersection,v_10_4,v_11_7,30,0.1723903588648183,31.27500883885942,68.72499116114058
Town01_T-Intersection,v_10_4,v_11_7,5,0.7263194547866723,37.65005303315653,62.34994696684347
Town01_T-Intersection,v_10_4,v_11_2,10,0.001,23.700848962169395,76.2991510378306
Town01_T-Intersection,v_10_4,v_11_2,15,0.001,22.467232641446262,77.53276735855374
Town01_T-Intersection,v_10_4,v_11_2,20,0.001,21.850424481084698,78.1495755189153
Town01_T-Intersection,v_10_4,v_11_2,25,0.001,21.480339584867757,78.51966041513225
Town01_T-Intersection,v_10_4,v_11_2,30,0.001,21.23361632072313,78.76638367927687
Town01_T-Intersection,v_10_4,v_11_2,5,0.001,27.401697924338787,72.59830207566121
Town01_T-Intersection,v_10_4,v_11_3,10,0.16573674792608786,13.62534163275311,86.3746583672469
Town01_T-Intersection,v_10_4,v_11_3,15,0.3417322206830906,12.416894421835405,87.58310557816459
Town01_T-Intersection,v_10_4,v_11_3,20,0.6333892836260295,11.812670816376555,88.18732918362345
Town01_T-Intersection,v_10_4,v_11_3,25,0.4130725128533487,11.450136653101243,88.54986334689876
Town01_T-Intersection,v_10_4,v_11_3,30,0.361958018042963,11.208447210917702,88.7915527890823
Town01_T-Intersection,v_10_4,v_11_3,5,0.963428941928263,17.25068326550622,82.74931673449379
Town01_T-Intersection,v_10_4,v_11_1,10,0.001,33.82501298747061,66.17498701252939
Town01_T-Intersection,v_10_4,v_11_1,15,0.001,32.550008658313736,67.44999134168626
Town01_T-Intersection,v_10_4,v_11_1,20,0.001,31.912506493735304,68.08749350626469
Town01_T-Intersection,v_10_4,v_11_1,25,0.001,31.53000519498824,68.46999480501177
Town01_T-Intersection,v_10_4,v_11_1,30,0.001,31.275004329156868,68.72499567084313
Town01_T-Intersection,v_10_4,v_11_1,5,0.001,37.650025974941215,62.349974025058785
Town01_T-Intersection,v_10_4,v_11_4,10,0.001,3.6000000117725293,96.39999998822748
Town01_T-Intersection,v_10_4,v_11_4,15,0.001,2.4000000078483525,97.59999999215165
Town01_T-Intersection,v_10_4,v_11_4,20,0.001,1.8000000058862646,98.19999999411374
Town01_T-Intersection,v_10_4,v_11_4,25,0.001,1.4400000047090116,98.559999995291
Town01_T-Intersection,v_10_4,v_11_4,30,0.001,1.2000000039241763,98.79999999607583
Town01_T-Intersection,v_10_4,v_11_4,5,0.001,7.2000000235450585,92.79999997645494
Town01_T-Intersection,v_14_4,v_15_2,10,0.001,23.85964822733598,76.14035177266402
Town01_T-Intersection,v_14_4,v_15_2,15,0.001,22.57309881822399,77.426901181776
Town01_T-Intersection,v_14_4,v_15_2,20,0.001,21.92982411366799,78.07017588633201
Town01_T-Intersection,v_14_4,v_15_2,25,0.001,21.543859290934392,78.45614070906561
Town01_T-Intersection,v_14_4,v_15_2,30,0.001,21.286549409111995,78.713450590888
Town01_T-Intersection,v_14_4,v_15_2,5,0.001,27.719296454671966,72.28070354532804
Town01_T-Intersection,v_14_4,v_15_5,10,0.001,13.788832619416834,86.21116738058316
Town01_T-Intersection,v_14_4,v_15_5,15,0.001,12.525888412944555,87.47411158705545
Town01_T-Intersection,v_14_4,v_15_5,20,0.001,11.894416309708417,88.10558369029158
Town01_T-Intersection,v_14_4,v_15_5,25,0.001,11.515533047766734,88.48446695223326
Town01_T-Intersection,v_14_4,v_15_5,30,0.001,11.262944206472278,88.73705579352772
Town01_T-Intersection,v_14_4,v_15_5,5,0.001,17.577665238833667,82.42233476116633
Town01_T-Intersection,v_14_4,v_15_1,10,0.001,33.97806538970968,66.02193461029032
Town01_T-Intersection,v_14_4,v_15_1,15,0.001,32.65204359313978,67.34795640686022
Town01_T-Intersection,v_14_4,v_15_1,20,0.001,31.98903269485484,68.01096730514516
Town01_T-Intersection,v_14_4,v_15_1,25,0.001,31.59122615588387,68.40877384411613
Town01_T-Intersection,v_14_4,v_15_1,30,0.001,31.32602179656989,68.67397820343011
Town01_T-Intersection,v_14_4,v_15_1,5,0.001,37.95613077941935,62.04386922058065
Town01_T-Intersection,v_14_4,v_15_3,10,0.001,13.787871383412527,86.21212861658748
Town01_T-Intersection,v_14_4,v_15_3,15,0.001,12.525247588941685,87.47475241105832
Town01_T-Intersection,v_14_4,v_15_3,20,0.001,11.893935691706265,88.10606430829374
Town01_T-Intersection,v_14_4,v_15_3,25,0.001,11.51514855336501,88.48485144663499
Town01_T-Intersection,v_14_4,v_15_3,30,0.001,11.262623794470842,88.73737620552916
Town01_T-Intersection,v_14_4,v_15_3,5,0.001,17.575742766825055,82.42425723317494
Town01_T-Intersection,v_14_4,v_15_7,10,0.943203661757614,33.981262641222585,66.01873735877741
Town01_T-Intersection,v_14_4,v_15_7,15,0.40727491982900976,32.65417509414839,67.3458249058516
Town01_T-Intersection,v_14_4,v_15_7,20,0.11512051032971513,31.990631320611293,68.0093686793887
Town01_T-Intersection,v_14_4,v_15_7,25,0.7431148675445186,31.592505056489035,68.40749494351097
Town01_T-Intersection,v_14_4,v_15_7,30,0.565486820603357,31.327087547074196,68.6729124529258
Town01_T-Intersection,v_14_4,v_15_7,5,0.4525909038033761,37.96252528244518,62.03747471755482
Town01_T-Intersection,v_14_4,v_15_4,10,0.26163217371196934,3.764100124300071,96.23589987569993
Town01_T-Intersection,v_14_4,v_15_4,15,0.24876178941602062,2.509400082866714,97.49059991713328
Town01_T-Intersection,v_14_4,v_15_4,20,0.2609270196150505,1.8820500621500356,98.11794993784997
Town01_T-Intersection,v_14_4,v_15_4,25,0.3613151918541817,1.5056400497200282,98.49435995027997
Town01_T-Intersection,v_14_4,v_15_4,30,0.3168084481229946,1.254700041433357,98.74529995856665
Town01_T-Intersection,v_14_4,v_15_4,5,0.6051719389525703,7.528200248600142,92.47179975139986
Town01_T-Intersection,v_14_4,v_15_6,10,0.001,23.861650543686288,76.1383494563137
Town01_T-Intersection,v_14_4,v_15_6,15,0.001,22.57443369579086,77.42556630420914
Town01_T-Intersection,v_14_4,v_15_6,20,0.001,21.930825271843144,78.06917472815685
Town01_T-Intersection,v_14_4,v_15_6,25,0.001,21.544660217474515,78.45533978252548
Town01_T-Intersection,v_14_4,v_15_6,30,0.001,21.28721684789543,78.71278315210458
Town01_T-Intersection,v_14_4,v_15_6,5,0.001,27.723301087372576,72.27669891262742
Town01_T-Intersection,v_11_1,v_12_4,10,0.001,33.82503337523143,66.17496662476857
Town01_T-Intersection,v_11_1,v_12_4,15,0.001,32.550022250154285,67.44997774984571
Town01_T-Intersection,v_11_1,v_12_4,20,0.001,31.912516687615714,68.08748331238428
Town01_T-Intersection,v_11_1,v_12_4,25,0.001,31.53001335009257,68.46998664990743
Town01_T-Intersection,v_11_1,v_12_4,30,0.001,31.275011125077143,68.72498887492286
Town01_T-Intersection,v_11_1,v_12_4,5,0.001,37.65006675046285,62.34993324953715
Town01_T-Intersection,v_11_1,v_12_2,10,0.001,13.625366974981963,86.37463302501804
Town01_T-Intersection,v_11_1,v_12_2,15,0.001,12.416911316654641,87.58308868334535
Town01_T-Intersection,v_11_1,v_12_2,20,0.001,11.812683487490983,88.18731651250901
Town01_T-Intersection,v_11_1,v_12_2,25,0.001,11.450146789992786,88.54985321000721
Town01_T-Intersection,v_11_1,v_12_2,30,0.001,11.20845565832732,88.79154434167268
Town01_T-Intersection,v_11_1,v_12_2,5,0.001,17.250733949963927,82.74926605003607
Town01_T-Intersection,v_11_1,v_12_1,10,0.001,3.6000274775927017,96.3999725224073
Town01_T-Intersection,v_11_1,v_12_1,15,0.001,2.4000183183951345,97.59998168160486
Town01_T-Intersection,v_11_1,v_12_1,20,0.001,1.8000137387963508,98.19998626120365
Town01_T-Intersection,v_11_1,v_12_1,25,0.001,1.4400109910370806,98.55998900896292
Town01_T-Intersection,v_11_1,v_12_1,30,0.001,1.2000091591975672,98.79999084080244
Town01_T-Intersection,v_11_1,v_12_1,5,0.001,7.200054955185403,92.79994504481459
Town01_T-Intersection,v_11_1,v_12_5,10,0.001,43.995513818705945,56.004486181294055
Town01_T-Intersection,v_11_1,v_12_5,15,0.001,42.663675879137294,57.336324120862706
Town01_T-Intersection,v_11_1,v_12_5,20,0.001,41.99775690935297,58.00224309064703
Town01_T-Intersection,v_11_1,v_12_5,25,0.001,41.59820552748238,58.40179447251762
Town01_T-Intersection,v_11_1,v_12_5,30,0.001,41.33183793956864,58.66816206043136
Town01_T-Intersection,v_11_1,v_12_5,5,0.001,47.99102763741188,52.00897236258812
Town01_T-Intersection,v_11_1,v_12_3,10,0.001,23.700871905453162,76.29912809454683
Town01_T-Intersection,v_11_1,v_12_3,15,0.001,22.467247936968775,77.53275206303123
Town01_T-Intersection,v_11_1,v_12_3,20,0.001,21.85043595272658,78.14956404727342
Town01_T-Intersection,v_11_1,v_12_3,25,0.001,21.480348762181265,78.51965123781874
Town01_T-Intersection,v_11_1,v_12_3,30,0.001,21.233623968484387,78.76637603151562
Town01_T-Intersection,v_11_1,v_12_3,5,0.001,27.40174381090632,72.59825618909368
Town01_T-Intersection,v_11_1,v_12_7,10,0.8361878564548919,64.46327665445388,35.53672334554612
Town01_T-Intersection,v_11_1,v_12_7,15,0.4667344736409227,62.975517769635914,37.024482230364086
Town01_T-Intersection,v_11_1,v_12_7,20,0.839233276835033,62.23163832722694,37.76836167277306
Town01_T-Intersection,v_11_1,v_12_7,25,0.6897412309833152,61.78531066178155,38.21468933821845
Town01_T-Intersection,v_11_1,v_12_7,30,0.7612826310539684,61.48775888481796,38.51224111518204
Town01_T-Intersection,v_11_1,v_12_7,5,0.562680928167614,68.92655330890776,31.073446691092244
Town01_T-Intersection,v_11_1,v_12_6,10,0.12858011680187487,54.20936688856695,45.79063311143305
Town01_T-Intersection,v_11_1,v_12_6,15,0.7973256973855785,52.806244592377965,47.193755407622035
Town01_T-Intersection,v_11_1,v_12_6,20,0.22754159362928386,52.104683444283474,47.895316555716526
Town01_T-Intersection,v_11_1,v_12_6,25,0.7710528857778763,51.68374675542678,48.31625324457322
Town01_T-Intersection,v_11_1,v_12_6,30,0.8580750775279955,51.40312229618898,48.59687770381102
Town01_T-Intersection,v_11_1,v_12_6,5,0.27317003302701204,58.4187337771339,41.5812662228661
Town01_T-Intersection,v_11_4,v_12_4,10,0.001,3.6000109981006383,96.39998900189936
Town01_T-Intersection,v_11_4,v_12_4,15,0.001,2.400007332067092,97.59999266793291
Town01_T-Intersection,v_11_4,v_12_4,20,0.001,1.8000054990503191,98.19999450094969
Town01_T-Intersection,v_11_4,v_12_4,25,0.001,1.4400043992402551,98.55999560075975
Town01_T-Intersection,v_11_4,v_12_4,30,0.001,1.200003666033546,98.79999633396645
Town01_T-Intersection,v_11_4,v_12_4,5,0.001,7.200021996201277,92.79997800379873
Town01_T-Intersection,v_11_4,v_12_2,10,0.9130693916434902,23.700872587539497,76.2991274124605
Town01_T-Intersection,v_11_4,v_12_2,15,0.1362446144495477,22.467248391692998,77.532751608307
Town01_T-Intersection,v_11_4,v_12_2,20,0.544546020746018,21.850436293769746,78.14956370623025
Town01_T-Intersection,v_11_4,v_12_2,25,0.47949888878976454,21.4803490350158,78.51965096498421
Town01_T-Intersection,v_11_4,v_12_2,30,0.7756508362155461,21.2336241958465,78.7663758041535
Town01_T-Intersection,v_11_4,v_12_2,5,0.2457646620544336,27.401745175078993,72.59825482492101
Town01_T-Intersection,v_11_4,v_12_1,10,0.3954487397575691,33.82504226704286,66.17495773295714
Town01_T-Intersection,v_11_4,v_12_1,15,0.2318769822999933,32.550028178028576,67.44997182197142
Town01_T-Intersection,v_11_4,v_12_1,20,0.33905607106995617,31.91252113352143,68.08747886647856
Town01_T-Intersection,v_11_4,v_12_1,25,0.3539214191473343,31.530016906817146,68.46998309318286
Town01_T-Intersection,v_11_4,v_12_1,30,0.44754302106286403,31.275014089014288,68.72498591098571
Town01_T-Intersection,v_11_4,v_12_1,5,0.9322067040337843,37.65008453408572,62.34991546591428
Town01_T-Intersection,v_11_4,v_12_5,10,0.001,13.62535061016983,86.37464938983017
Town01_T-Intersection,v_11_4,v_12_5,15,0.001,12.416900406779886,87.58309959322011
Town01_T-Intersection,v_11_4,v_12_5,20,0.001,11.812675305084916,88.18732469491508
Town01_T-Intersection,v_11_4,v_12_5,25,0.001,11.450140244067931,88.54985975593206
Town01_T-Intersection,v_11_4,v_12_5,30,0.001,11.208450203389944,88.79154979661006
Town01_T-Intersection,v_11_4,v_12_5,5,0.001,17.25070122033966,82.74929877966034
Town01_T-Intersection,v_11_4,v_12_3,10,0.001,13.625359107697784,86.37464089230221
Town01_T-Intersection,v_11_4,v_12_3,15,0.001,12.416906071798522,87.58309392820148
Town01_T-Intersection,v_11_4,v_12_3,20,0.001,11.812679553848891,88.1873204461511
Town01_T-Intersection,v_11_4,v_12_3,25,0.001,11.450143643079114,88.54985635692088
Town01_T-Intersection,v_11_4,v_12_3,30,0.001,11.208453035899261,88.79154696410075
Town01_T-Intersection,v_11_4,v_12_3,5,0.001,17.25071821539557,82.74928178460443
Town01_T-Intersection,v_11_4,v_12_7,10,0.6059542764259962,33.825017887428245,66.17498211257175
Town01_T-Intersection,v_11_4,v_12_7,15,0.2056156525444044,32.550011924952166,67.44998807504783
Town01_T-Intersection,v_11_4,v_12_7,20,0.32533380086004327,31.912508943714123,68.08749105628587
Town01_T-Intersection,v_11_4,v_12_7,25,0.6407610941125099,31.530007154971297,68.4699928450287
Town01_T-Intersection,v_11_4,v_12_7,30,0.8676580140386678,31.275005962476083,68.72499403752391
Town01_T-Intersection,v_11_4,v_12_7,5,0.7578750500010855,37.65003577485649,62.34996422514351
Town01_T-Intersection,v_11_4,v_12_6,10,0.5724902900553025,23.700855877631582,76.29914412236842
Town01_T-Intersection,v_11_4,v_12_6,15,0.7824034041873974,22.467237251754387,77.53276274824562
Town01_T-Intersection,v_11_4,v_12_6,20,0.8967963611676706,21.85042793881579,78.14957206118422
Town01_T-Intersection,v_11_4,v_12_6,25,0.6748972609045328,21.480342351052634,78.51965764894737
Town01_T-Intersection,v_11_4,v_12_6,30,0.6282228559288341,21.233618625877195,78.7663813741228
Town01_T-Intersection,v_11_4,v_12_6,5,0.5003972247064544,27.401711755263165,72.59828824473684
Town01_T-Intersection,v_13_7,v_14_1,10,0.001,64.53027566583478,35.46972433416522
Town01_T-Intersection,v_13_7,v_14_1,15,0.001,63.02018377722319,36.97981622277681
Town01_T-Intersection,v_13_7,v_14_1,20,0.001,62.26513783291739,37.73486216708261
Town01_T-Intersection,v_13_7,v_14_1,25,0.001,61.81211026633391,38.18788973366609
Town01_T-Intersection,v_13_7,v_14_1,30,0.001,61.5100918886116,38.4899081113884
Town01_T-Intersection,v_13_7,v_14_1,5,0.001,69.06055133166957,30.939448668330428
Town01_T-Intersection,v_13_7,v_14_2,10,0.001,54.1187617041204,45.8812382958796
Town01_T-Intersection,v_13_7,v_14_2,15,0.001,52.745841136080266,47.254158863919734
Town01_T-Intersection,v_13_7,v_14_2,20,0.001,52.0593808520602,47.9406191479398
Town01_T-Intersection,v_13_7,v_14_2,25,0.001,51.64750468164816,48.35249531835184
Town01_T-Intersection,v_13_7,v_14_2,30,0.001,51.37292056804013,48.62707943195987
Town01_T-Intersection,v_13_7,v_14_2,5,0.001,58.2375234082408,41.7624765917592
Town01_T-Intersection,v_13_7,v_14_3,10,0.001,43.71933143969113,56.28066856030887
Town01_T-Intersection,v_13_7,v_14_3,15,0.001,42.47955429312742,57.52044570687258
Town01_T-Intersection,v_13_7,v_14_3,20,0.001,41.859665719845566,58.140334280154434
Town01_T-Intersection,v_13_7,v_14_3,25,0.001,41.48773257587645,58.51226742412355
Town01_T-Intersection,v_13_7,v_14_3,30,0.001,41.23977714656371,58.76022285343629
Town01_T-Intersection,v_13_7,v_14_3,5,0.001,47.43866287938227,52.56133712061773
Town01_T-Intersection,v_13_7,v_14_5,10,0.3222887911402951,22.97269898405861,77.02730101594139
Town01_T-Intersection,v_13_7,v_14_5,15,0.7898548935829641,21.98179932270574,78.01820067729426
Town01_T-Intersection,v_13_7,v_14_5,20,0.23557357556624636,21.486349492029305,78.5136505079707
Town01_T-Intersection,v_13_7,v_14_5,25,0.7582265999708191,21.189079593623443,78.81092040637655
Town01_T-Intersection,v_13_7,v_14_5,30,0.1419713388619544,20.99089966135287,79.00910033864713
Town01_T-Intersection,v_13_7,v_14_5,5,0.27553123252597234,25.94539796811722,74.05460203188278
Town01_T-Intersection,v_13_7,v_14_6,10,0.001,12.637768173499289,87.3622318265007
Town01_T-Intersection,v_13_7,v_14_6,15,0.001,11.758512115666193,88.24148788433381
Town01_T-Intersection,v_13_7,v_14_6,20,0.001,11.318884086749645,88.68111591325035
Town01_T-Intersection,v_13_7,v_14_6,25,0.001,11.055107269399716,88.94489273060029
Town01_T-Intersection,v_13_7,v_14_6,30,0.001,10.879256057833096,89.12074394216691
Town01_T-Intersection,v_13_7,v_14_6,5,0.001,15.275536346998578,84.72446365300142
Town01_T-Intersection,v_13_7,v_14_4,10,0.001,33.335617375369225,66.66438262463078
Town01_T-Intersection,v_13_7,v_14_4,15,0.001,32.223744916912814,67.7762550830872
Town01_T-Intersection,v_13_7,v_14_4,20,0.001,31.667808687684612,68.33219131231539
Town01_T-Intersection,v_13_7,v_14_4,25,0.001,31.33424695014769,68.66575304985231
Town01_T-Intersection,v_13_7,v_14_4,30,0.001,31.111872458456407,68.8881275415436
Town01_T-Intersection,v_13_7,v_14_4,5,0.001,36.67123475073845,63.32876524926155
Town01_T-Intersection,v_13_7,v_14_7,10,0.9885716254597371,2.341045411918525,97.65895458808147
Town01_T-Intersection,v_13_7,v_14_7,15,0.5915499130367614,1.5606969412790166,98.43930305872098
Town01_T-Intersection,v_13_7,v_14_7,20,0.8400917131360331,1.1705227059592624,98.82947729404074
Town01_T-Intersection,v_13_7,v_14_7,25,0.7544350538158244,0.9364181647674099,99.0635818352326
Town01_T-Intersection,v_13_7,v_14_7,30,0.9646651648954424,0.7803484706395083,99.21965152936049
Town01_T-Intersection,v_13_7,v_14_7,5,0.27027524989053586,4.68209082383705,95.31790917616296
Town01_T-Intersection,v_16_4,v_17_5,10,0.9153296728417488,13.625356943850296,86.37464305614971
Town01_T-Intersection,v_16_4,v_17_5,15,0.10523356611364777,12.41690462923353,87.58309537076647
Town01_T-Intersection,v_16_4,v_17_5,20,0.13123399870490865,11.812678471925148,88.18732152807485
Town01_T-Intersection,v_16_4,v_17_5,25,0.21348212236019762,11.450142777540119,88.54985722245988
Town01_T-Intersection,v_16_4,v_17_5,30,0.7917922398311494,11.208452314616766,88.79154768538324
Town01_T-Intersection,v_16_4,v_17_5,5,0.6901590881352123,17.25071388770059,82.74928611229942
Town01_T-Intersection,v_16_4,v_17_4,10,0.7659582441173838,3.6000006572805225,96.39999934271948
Town01_T-Intersection,v_16_4,v_17_4,15,0.6150115279788543,2.400000438187015,97.59999956181298
Town01_T-Intersection,v_16_4,v_17_4,20,0.8318247758908647,1.8000003286402613,98.19999967135973
Town01_T-Intersection,v_16_4,v_17_4,25,0.6852370693890162,1.440000262912209,98.5599997370878
Town01_T-Intersection,v_16_4,v_17_4,30,0.3683312972963545,1.2000002190935075,98.79999978090649
Town01_T-Intersection,v_16_4,v_17_4,5,0.8388141625720135,7.200001314561045,92.79999868543895
Town01_T-Intersection,v_16_4,v_17_6,10,0.001,23.700878629774007,76.29912137022599
Town01_T-Intersection,v_16_4,v_17_6,15,0.001,22.467252419849338,77.53274758015067
Town01_T-Intersection,v_16_4,v_17_6,20,0.001,21.850439314887005,78.14956068511299
Town01_T-Intersection,v_16_4,v_17_6,25,0.001,21.480351451909602,78.5196485480904
Town01_T-Intersection,v_16_4,v_17_6,30,0.001,21.23362620992467,78.76637379007533
Town01_T-Intersection,v_16_4,v_17_6,5,0.001,27.401757259548013,72.59824274045198
Town01_T-Intersection,v_16_4,v_17_7,10,0.001,33.82505643658762,66.17494356341237
Town01_T-Intersection,v_16_4,v_17_7,15,0.001,32.55003762439175,67.44996237560825
Town01_T-Intersection,v_16_4,v_17_7,20,0.001,31.91252821829381,68.08747178170618
Town01_T-Intersection,v_16_4,v_17_7,25,0.001,31.530022574635048,68.46997742536496
Town01_T-Intersection,v_16_4,v_17_7,30,0.001,31.275018812195874,68.72498118780413
Town01_T-Intersection,v_16_4,v_17_7,5,0.001,37.65011287317524,62.34988712682476
Town01_T-Intersection,v_16_4,v_17_3,10,0.14952005623103212,13.625332236927642,86.37466776307235
Town01_T-Intersection,v_16_4,v_17_3,15,0.13872177631791494,12.41688815795176,87.58311184204824
Town01_T-Intersection,v_16_4,v_17_3,20,0.13808285857792885,11.812666118463822,88.18733388153618
Town01_T-Intersection,v_16_4,v_17_3,25,0.8291007525660813,11.450132894771057,88.54986710522894
Town01_T-Intersection,v_16_4,v_17_3,30,0.5306752238966127,11.20844407897588,88.79155592102413
Town01_T-Intersection,v_16_4,v_17_3,5,0.2902013363932743,17.250664473855284,82.74933552614472
Town01_T-Intersection,v_16_4,v_17_1,10,0.6233899794883753,33.82498428137089,66.17501571862911
Town01_T-Intersection,v_16_4,v_17_1,15,0.49203175297066015,32.549989520913925,67.45001047908607
Town01_T-Intersection,v_16_4,v_17_1,20,0.6655186448802732,31.912492140685444,68.08750785931456
Town01_T-Intersection,v_16_4,v_17_1,25,0.8814543985007162,31.529993712548354,68.47000628745164
Town01_T-Intersection,v_16_4,v_17_1,30,0.561310674535139,31.274994760456963,68.72500523954304
Town01_T-Intersection,v_16_4,v_17_1,5,0.1830486900007942,37.649968562741776,62.350031437258224
Town01_T-Intersection,v_16_4,v_17_2,10,0.001,23.70082972120415,76.29917027879586
Town01_T-Intersection,v_16_4,v_17_2,15,0.001,22.4672198141361,77.5327801858639
Town01_T-Intersection,v_16_4,v_17_2,20,0.001,21.850414860602076,78.14958513939793
Town01_T-Intersection,v_16_4,v_17_2,25,0.001,21.48033188848166,78.51966811151834
Town01_T-Intersection,v_16_4,v_17_2,30,0.001,21.23360990706805,78.76639009293194
Town01_T-Intersection,v_16_4,v_17_2,5,0.001,27.4016594424083,72.5983405575917
Town01_T-Intersection,v_17_5,v_18_2,10,0.001,33.82497911742055,66.17502088257945
Town01_T-Intersection,v_17_5,v_18_2,15,0.001,32.54998607828036,67.45001392171963
Town01_T-Intersection,v_17_5,v_18_2,20,0.001,31.912489558710273,68.08751044128972
Town01_T-Intersection,v_17_5,v_18_2,25,0.001,31.52999164696822,68.47000835303177
Town01_T-Intersection,v_17_5,v_18_2,30,0.001,31.27499303914018,68.72500696085982
Town01_T-Intersection,v_17_5,v_18_2,5,0.001,37.649958234841094,62.350041765158906
Town01_T-Intersection,v_17_5,v_18_5,10,0.7993987139813887,3.5999951641174897,96.40000483588251
Town01_T-Intersection,v_17_5,v_18_5,15,0.11569694028340416,2.3999967760783263,97.60000322392168
Town01_T-Intersection,v_17_5,v_18_5,20,0.4190729077097708,1.7999975820587448,98.20000241794125
Town01_T-Intersection,v_17_5,v_18_5,25,0.1544818061454439,1.4399980656469957,98.56000193435301
Town01_T-Intersection,v_17_5,v_18_5,30,0.7193805346463034,1.1999983880391631,98.80000161196084
Town01_T-Intersection,v_17_5,v_18_5,5,0.9191269631490165,7.199990328234979,92.80000967176503
Town01_T-Intersection,v_17_5,v_18_4,10,0.001,13.625326781530264,86.37467321846974
Town01_T-Intersection,v_17_5,v_18_4,15,0.001,12.416884521020176,87.58311547897982
Town01_T-Intersection,v_17_5,v_18_4,20,0.001,11.812663390765133,88.18733660923486
Town01_T-Intersection,v_17_5,v_18_4,25,0.001,11.450130712612106,88.54986928738789
Town01_T-Intersection,v_17_5,v_18_4,30,0.001,11.208442260510088,88.79155773948992
Town01_T-Intersection,v_17_5,v_18_4,5,0.001,17.250653563060528,82.74934643693948
Town01_T-Intersection,v_17_5,v_18_3,10,0.001,23.700824377682544,76.29917562231745
Town01_T-Intersection,v_17_5,v_18_3,15,0.001,22.46721625178836,77.53278374821164
Town01_T-Intersection,v_17_5,v_18_3,20,0.001,21.850412188841272,78.14958781115872
Town01_T-Intersection,v_17_5,v_18_3,25,0.001,21.48032975107302,78.51967024892699
Town01_T-Intersection,v_17_5,v_18_3,30,0.001,21.233608125894182,78.76639187410582
Town01_T-Intersection,v_17_5,v_18_3,5,0.001,27.401648755365088,72.59835124463491
Town01_T-Intersection,v_17_5,v_18_6,10,0.001,13.625351489386858,86.37464851061314
Town01_T-Intersection,v_17_5,v_18_6,15,0.001,12.416900992924573,87.58309900707543
Town01_T-Intersection,v_17_5,v_18_6,20,0.001,11.81267574469343,88.18732425530658
Town01_T-Intersection,v_17_5,v_18_6,25,0.001,11.450140595754743,88.54985940424525
Town01_T-Intersection,v_17_5,v_18_6,30,0.001,11.208450496462286,88.79154950353771
Town01_T-Intersection,v_17_5,v_18_6,5,0.001,17.250702978773717,82.74929702122628
Town01_T-Intersection,v_17_5,v_18_7,10,0.001,23.700873288098883,76.29912671190112
Town01_T-Intersection,v_17_5,v_18_7,15,0.001,22.46724885873259,77.53275114126741
Town01_T-Intersection,v_17_5,v_18_7,20,0.001,21.85043664404944,78.14956335595056
Town01_T-Intersection,v_17_5,v_18_7,25,0.001,21.480349315239554,78.51965068476045
Town01_T-Intersection,v_17_5,v_18_7,30,0.001,21.233624429366294,78.7663755706337
Town01_T-Intersection,v_17_5,v_18_7,5,0.001,27.401746576197766,72.59825342380223
Town01_T-Intersection,v_17_5,v_18_1,10,0.001,43.995453465176716,56.004546534823284
Town01_T-Intersection,v_17_5,v_18_1,15,0.001,42.663635643451144,57.336364356548856
Town01_T-Intersection,v_17_5,v_18_1,20,0.001,41.99772673258836,58.00227326741164
Town01_T-Intersection,v_17_5,v_18_1,25,0.001,41.598181386070685,58.401818613929315
Town01_T-Intersection,v_17_5,v_18_1,30,0.001,41.33181782172557,58.66818217827443
Town01_T-Intersection,v_17_5,v_18_1,5,0.001,47.99090693035343,52.00909306964657
Town01_T-Intersection,v_14_7,v_15_2,10,0.001,54.33230959751025,45.66769040248975
Town01_T-Intersection,v_14_7,v_15_2,15,0.001,52.88820639834017,47.11179360165983
Town01_T-Intersection,v_14_7,v_15_2,20,0.001,52.16615479875512,47.83384520124488
Town01_T-Intersection,v_14_7,v_15_2,25,0.001,51.7329238390041,48.2670761609959
Town01_T-Intersection,v_14_7,v_15_2,30,0.001,51.44410319917009,48.55589680082991
Town01_T-Intersection,v_14_7,v_15_2,5,0.001,58.66461919502051,41.33538080497949
Town01_T-Intersection,v_14_7,v_15_5,10,0.001,23.844263876816346,76.15573612318366
Town01_T-Intersection,v_14_7,v_15_5,15,0.001,22.56284258454423,77.43715741545577
Town01_T-Intersection,v_14_7,v_15_5,20,0.001,21.922131938408175,78.07786806159183
Town01_T-Intersection,v_14_7,v_15_5,25,0.001,21.53770555072654,78.46229444927346
Town01_T-Intersection,v_14_7,v_15_5,30,0.001,21.281421292272114,78.71857870772789
Town01_T-Intersection,v_14_7,v_15_5,5,0.001,27.688527753632695,72.3114722463673
Town01_T-Intersection,v_14_7,v_15_1,10,0.5143927825517226,64.57687428785559,35.42312571214441
Town01_T-Intersection,v_14_7,v_15_1,15,0.25921624856128567,63.051249525237054,36.948750474762946
Town01_T-Intersection,v_14_7,v_15_1,20,0.7315718075574725,62.288437143927794,37.711562856072206
Town01_T-Intersection,v_14_7,v_15_1,25,0.5976311078498664,61.83074971514223,38.16925028485777
Town01_T-Intersection,v_14_7,v_15_1,30,0.3093464657337028,61.52562476261853,38.47437523738147
Town01_T-Intersection,v_14_7,v_15_1,5,0.2701586924881304,69.15374857571116,30.846251424288837
Town01_T-Intersection,v_14_7,v_15_3,10,0.001,44.12672088725255,55.87327911274745
Town01_T-Intersection,v_14_7,v_15_3,15,0.001,42.751147258168366,57.248852741831634
Town01_T-Intersection,v_14_7,v_15_3,20,0.001,42.06336044362627,57.93663955637373
Town01_T-Intersection,v_14_7,v_15_3,25,0.001,41.65068835490102,58.34931164509898
Town01_T-Intersection,v_14_7,v_15_3,30,0.001,41.37557362908419,58.62442637091581
Town01_T-Intersection,v_14_7,v_15_3,5,0.001,48.253441774505106,51.746558225494894
Town01_T-Intersection,v_14_7,v_15_7,10,0.8567122687652214,3.7483440477166003,96.2516559522834
Town01_T-Intersection,v_14_7,v_15_7,15,0.2640079429331934,2.498896031811067,97.50110396818893
Town01_T-Intersection,v_14_7,v_15_7,20,0.5357651408859907,1.8741720238583002,98.1258279761417
Town01_T-Intersection,v_14_7,v_15_7,25,0.26424239298631913,1.49933761908664,98.50066238091335
Town01_T-Intersection,v_14_7,v_15_7,30,0.32280760411817855,1.2494480159055334,98.75055198409447
Town01_T-Intersection,v_14_7,v_15_7,5,0.8822663475188686,7.496688095433201,92.5033119045668
Town01_T-Intersection,v_14_7,v_15_4,10,0.001,33.96314480912815,66.03685519087185
Town01_T-Intersection,v_14_7,v_15_4,15,0.001,32.64209653941877,67.35790346058123
Town01_T-Intersection,v_14_7,v_15_4,20,0.001,31.981572404564076,68.01842759543592
Town01_T-Intersection,v_14_7,v_15_4,25,0.001,31.585257923651263,68.41474207634874
Town01_T-Intersection,v_14_7,v_15_4,30,0.001,31.321048269709387,68.6789517302906
Town01_T-Intersection,v_14_7,v_15_4,5,0.001,37.92628961825631,62.07371038174369
Town01_T-Intersection,v_14_7,v_15_6,10,0.001,13.772203197135466,86.22779680286453
Town01_T-Intersection,v_14_7,v_15_6,15,0.001,12.514802131423643,87.48519786857636
Town01_T-Intersection,v_14_7,v_15_6,20,0.001,11.886101598567734,88.11389840143227
Town01_T-Intersection,v_14_7,v_15_6,25,0.001,11.508881278854187,88.49111872114581
Town01_T-Intersection,v_14_7,v_15_6,30,0.001,11.257401065711822,88.74259893428818
Town01_T-Intersection,v_14_7,v_15_6,5,0.001,17.544406394270933,82.45559360572906
Town01_T-Intersection,v_17_4,v_18_2,10,0.2169835380664381,23.700824377682533,76.29917562231746
Town01_T-Intersection,v_17_4,v_18_2,15,0.6379945786992265,22.467216251788354,77.53278374821164
Town01_T-Intersection,v_17_4,v_18_2,20,0.12677663113332657,21.85041218884127,78.14958781115874
Town01_T-Intersection,v_17_4,v_18_2,25,0.6421308205787155,21.480329751073015,78.51967024892699
Town01_T-Intersection,v_17_4,v_18_2,30,0.3913986128874596,21.23360812589418,78.76639187410582
Town01_T-Intersection,v_17_4,v_18_2,5,0.509498661595263,27.401648755365066,72.59835124463493
Town01_T-Intersection,v_17_4,v_18_5,10,0.5346275265859571,13.625351489386858,86.37464851061314
Town01_T-Intersection,v_17_4,v_18_5,15,0.2837979996412754,12.416900992924573,87.58309900707543
Town01_T-Intersection,v_17_4,v_18_5,20,0.7652256289882953,11.81267574469343,88.18732425530658
Town01_T-Intersection,v_17_4,v_18_5,25,0.4112911204583083,11.450140595754743,88.54985940424525
Town01_T-Intersection,v_17_4,v_18_5,30,0.6412562973927636,11.208450496462286,88.79154950353771
Town01_T-Intersection,v_17_4,v_18_5,5,0.4539326657187863,17.250702978773717,82.74929702122628
Town01_T-Intersection,v_17_4,v_18_4,10,0.001,3.5999951641174794,96.40000483588253
Town01_T-Intersection,v_17_4,v_18_4,15,0.001,2.399996776078319,97.60000322392168
Town01_T-Intersection,v_17_4,v_18_4,20,0.001,1.7999975820587397,98.20000241794126
Town01_T-Intersection,v_17_4,v_18_4,25,0.001,1.4399980656469917,98.56000193435301
Town01_T-Intersection,v_17_4,v_18_4,30,0.001,1.1999983880391596,98.80000161196084
Town01_T-Intersection,v_17_4,v_18_4,5,0.001,7.199990328234959,92.80000967176504
Town01_T-Intersection,v_17_4,v_18_3,10,0.001,13.625326781530262,86.37467321846974
Town01_T-Intersection,v_17_4,v_18_3,15,0.001,12.416884521020176,87.58311547897982
Town01_T-Intersection,v_17_4,v_18_3,20,0.001,11.812663390765131,88.18733660923488
Town01_T-Intersection,v_17_4,v_18_3,25,0.001,11.450130712612106,88.54986928738789
Town01_T-Intersection,v_17_4,v_18_3,30,0.001,11.208442260510088,88.79155773948992
Town01_T-Intersection,v_17_4,v_18_3,5,0.001,17.250653563060524,82.74934643693948
Town01_T-Intersection,v_17_4,v_18_6,10,0.46618108285596194,23.700873288098872,76.29912671190112
Town01_T-Intersection,v_17_4,v_18_6,15,0.27557095880535987,22.46724885873258,77.53275114126743
Town01_T-Intersection,v_17_4,v_18_6,20,0.6994694309901386,21.850436644049438,78.14956335595056
Town01_T-Intersection,v_17_4,v_18_6,25,0.3998419436736135,21.48034931523955,78.51965068476045
Town01_T-Intersection,v_17_4,v_18_6,30,0.29714701198702376,21.23362442936629,78.76637557063371
Town01_T-Intersection,v_17_4,v_18_6,5,0.2814217792725135,27.401746576197745,72.59825342380225
Town01_T-Intersection,v_17_4,v_18_7,10,0.38856696888981823,33.82505127535502,66.17494872464498
Town01_T-Intersection,v_17_4,v_18_7,15,0.26098614348380134,32.55003418357001,67.44996581643
Town01_T-Intersection,v_17_4,v_18_7,20,0.24460627457488415,31.91252563767751,68.0874743623225
Town01_T-Intersection,v_17_4,v_18_7,25,0.913846906523585,31.53002051014201,68.46997948985799
Town01_T-Intersection,v_17_4,v_18_7,30,0.21541398722068988,31.275017091785006,68.724982908215
Town01_T-Intersection,v_17_4,v_18_7,5,0.7906373627340176,37.65010255071004,62.34989744928996
Town01_T-Intersection,v_17_4,v_18_1,10,0.001,33.82497911742055,66.17502088257945
Town01_T-Intersection,v_17_4,v_18_1,15,0.001,32.54998607828037,67.45001392171963
Town01_T-Intersection,v_17_4,v_18_1,20,0.001,31.912489558710273,68.08751044128972
Town01_T-Intersection,v_17_4,v_18_1,25,0.001,31.52999164696822,68.47000835303177
Town01_T-Intersection,v_17_4,v_18_1,30,0.001,31.274993039140185,68.72500696085982
Town01_T-Intersection,v_17_4,v_18_1,5,0.001,37.6499582348411,62.3500417651589
Town01_T-Intersection,v_15_2,v_16_4,10,0.001,23.700831201330345,76.29916879866965
Town01_T-Intersection,v_15_2,v_16_4,15,0.001,22.467220800886896,77.53277919911311
Town01_T-Intersection,v_15_2,v_16_4,20,0.001,21.850415600665173,78.14958439933483
Town01_T-Intersection,v_15_2,v_16_4,25,0.001,21.480332480532137,78.51966751946786
Town01_T-Intersection,v_15_2,v_16_4,30,0.001,21.23361040044345,78.76638959955655
Town01_T-Intersection,v_15_2,v_16_4,5,0.001,27.40166240266069,72.59833759733931
Town01_T-Intersection,v_15_2,v_16_3,10,0.001,13.625310992594326,86.37468900740568
Town01_T-Intersection,v_15_2,v_16_3,15,0.001,12.416873995062883,87.58312600493711
Town01_T-Intersection,v_15_2,v_16_3,20,0.001,11.812655496297163,88.18734450370283
Town01_T-Intersection,v_15_2,v_16_3,25,0.001,11.45012439703773,88.54987560296227
Town01_T-Intersection,v_15_2,v_16_3,30,0.001,11.208436997531441,88.79156300246856
Town01_T-Intersection,v_15_2,v_16_3,5,0.001,17.25062198518865,82.74937801481136
Town01_T-Intersection,v_15_2,v_16_1,10,0.001,13.62529090899199,86.37470909100801
Town01_T-Intersection,v_15_2,v_16_1,15,0.001,12.41686060599466,87.58313939400534
Town01_T-Intersection,v_15_2,v_16_1,20,0.001,11.812645454495994,88.18735454550401
Town01_T-Intersection,v_15_2,v_16_1,25,0.001,11.450116363596797,88.54988363640321
Town01_T-Intersection,v_15_2,v_16_1,30,0.001,11.20843030299733,88.79156969700267
Town01_T-Intersection,v_15_2,v_16_1,5,0.001,17.25058181798398,82.74941818201602
Town01_T-Intersection,v_15_2,v_16_7,10,0.6203079658510707,54.2093702422739,45.7906297577261
Town01_T-Intersection,v_15_2,v_16_7,15,0.39963003953381837,52.806246828182594,47.193753171817406
Town01_T-Intersection,v_15_2,v_16_7,20,0.28426785463255116,52.104685121136946,47.895314878863054
Town01_T-Intersection,v_15_2,v_16_7,25,0.7140504049544256,51.68374809690956,48.31625190309044
Town01_T-Intersection,v_15_2,v_16_7,30,0.48381323804041754,51.4031234140913,48.5968765859087
Town01_T-Intersection,v_15_2,v_16_7,5,0.13085115796748667,58.41874048454779,41.58125951545221
Town01_T-Intersection,v_15_2,v_16_5,10,0.35159630708752554,33.82500794752054,66.17499205247947
Town01_T-Intersection,v_15_2,v_16_5,15,0.24418826465797172,32.550005298347024,67.44999470165297
Town01_T-Intersection,v_15_2,v_16_5,20,0.7453200666422838,31.91250397376027,68.08749602623973
Town01_T-Intersection,v_15_2,v_16_5,25,0.32952315218245043,31.530003179008215,68.46999682099178
Town01_T-Intersection,v_15_2,v_16_5,30,0.6554047004106647,31.275002649173512,68.72499735082648
Town01_T-Intersection,v_15_2,v_16_5,5,0.41723494561440055,37.65001589504108,62.34998410495892
Town01_T-Intersection,v_15_2,v_16_2,10,0.001,3.5999567119112497,96.40004328808875
Town01_T-Intersection,v_15_2,v_16_2,15,0.001,2.399971141274166,97.60002885872584
Town01_T-Intersection,v_15_2,v_16_2,20,0.001,1.7999783559556248,98.20002164404437
Town01_T-Intersection,v_15_2,v_16_2,25,0.001,1.4399826847644996,98.5600173152355
Town01_T-Intersection,v_15_2,v_16_2,30,0.001,1.199985570637083,98.80001442936292
Town01_T-Intersection,v_15_2,v_16_2,5,0.001,7.199913423822499,92.8000865761775
Town01_T-Intersection,v_15_2,v_16_6,10,0.001,43.9955032599739,56.0044967400261
Town01_T-Intersection,v_15_2,v_16_6,15,0.001,42.6636688399826,57.3363311600174
Town01_T-Intersection,v_15_2,v_16_6,20,0.001,41.99775162998695,58.00224837001305
Town01_T-Intersection,v_15_2,v_16_6,25,0.001,41.59820130398956,58.40179869601044
Town01_T-Intersection,v_15_2,v_16_6,30,0.001,41.331834419991296,58.668165580008704
Town01_T-Intersection,v_15_2,v_16_6,5,0.001,47.991006519947796,52.008993480052204
Town01_T-Intersection,v_15_5,v_16_4,10,0.3540372983018687,13.625323638613029,86.37467636138697
Town01_T-Intersection,v_15_5,v_16_4,15,0.9122908233650283,12.416882425742019,87.58311757425798
Town01_T-Intersection,v_15_5,v_16_4,20,0.31038310727583707,11.812661819306514,88.18733818069349
Town01_T-Intersection,v_15_5,v_16_4,25,0.4452172667902946,11.45012945544521,88.54987054455479
Town01_T-Intersection,v_15_5,v_16_4,30,0.6181137230983884,11.20844121287101,88.79155878712899
Town01_T-Intersection,v_15_5,v_16_4,5,0.39052199197238735,17.250647277226058,82.74935272277395
Town01_T-Intersection,v_15_5,v_16_3,10,0.001,23.70082372338096,76.29917627661904
Town01_T-Intersection,v_15_5,v_16_3,15,0.001,22.467215815587306,77.53278418441269
Town01_T-Intersection,v_15_5,v_16_3,20,0.001,21.850411861690482,78.14958813830953
Town01_T-Intersection,v_15_5,v_16_3,25,0.001,21.480329489352386,78.51967051064761
Town01_T-Intersection,v_15_5,v_16_3,30,0.001,21.233607907793655,78.76639209220635
Town01_T-Intersection,v_15_5,v_16_3,5,0.001,27.40164744676192,72.59835255323807
Town01_T-Intersection,v_15_5,v_16_1,10,0.8859874035868884,43.995458388794034,56.004541611205966
Town01_T-Intersection,v_15_5,v_16_1,15,0.20114139320563879,42.66363892586269,57.33636107413731
Town01_T-Intersection,v_15_5,v_16_1,20,0.25232390821722306,41.99772919439702,58.00227080560298
Town01_T-Intersection,v_15_5,v_16_1,25,0.7976621087774075,41.59818335551761,58.40181664448239
Town01_T-Intersection,v_15_5,v_16_1,30,0.7539284927671845,41.33181946293134,58.66818053706866
Town01_T-Intersection,v_15_5,v_16_1,5,0.869868005020125,47.99091677758807,52.00908322241193
Town01_T-Intersection,v_15_5,v_16_7,10,0.001,23.700863256819318,76.29913674318068
Town01_T-Intersection,v_15_5,v_16_7,15,0.001,22.46724217121288,77.53275782878711
Town01_T-Intersection,v_15_5,v_16_7,20,0.001,21.85043162840966,78.14956837159033
Town01_T-Intersection,v_15_5,v_16_7,25,0.001,21.480345302727727,78.51965469727227
Town01_T-Intersection,v_15_5,v_16_7,30,0.001,21.23362108560644,78.76637891439356
Town01_T-Intersection,v_15_5,v_16_7,5,0.001,27.40172651363864,72.59827348636136
Town01_T-Intersection,v_15_5,v_16_5,10,0.10307688694324373,3.5999896708839563,96.40001032911604
Town01_T-Intersection,v_15_5,v_16_5,15,0.5756696924280982,2.3999931139226374,97.60000688607737
Town01_T-Intersection,v_15_5,v_16_5,20,0.15168909724687885,1.7999948354419781,98.20000516455802
Town01_T-Intersection,v_15_5,v_16_5,25,0.43661065391553455,1.4399958683535825,98.56000413164642
Town01_T-Intersection,v_15_5,v_16_5,30,0.3101008154859822,1.1999965569613187,98.80000344303868
Town01_T-Intersection,v_15_5,v_16_5,5,0.8904935619392848,7.1999793417679125,92.80002065823209
Town01_T-Intersection,v_15_5,v_16_2,10,0.5813842521306144,33.82498114422127,66.17501885577873
Town01_T-Intersection,v_15_5,v_16_2,15,0.5444178099196736,32.549987429480844,67.45001257051916
Town01_T-Intersection,v_15_5,v_16_2,20,0.1334193336579368,31.912490572110634,68.08750942788936
Town01_T-Intersection,v_15_5,v_16_2,25,0.3381720491876581,31.529992457688508,68.47000754231149
Town01_T-Intersection,v_15_5,v_16_2,30,0.810485194143511,31.274993714740422,68.72500628525958
Town01_T-Intersection,v_15_5,v_16_2,5,0.17290183184584068,37.64996228844253,62.35003771155747
Town01_T-Intersection,v_15_5,v_16_6,10,0.3476371199134868,13.62534372209712,86.37465627790289
Town01_T-Intersection,v_15_5,v_16_6,15,0.7429495155090822,12.416895814731413,87.58310418526858
Town01_T-Intersection,v_15_5,v_16_6,20,0.6444228356237266,11.81267186104856,88.18732813895144
Town01_T-Intersection,v_15_5,v_16_6,25,0.4537065137643588,11.450137488838848,88.54986251116115
Town01_T-Intersection,v_15_5,v_16_6,30,0.16558935310035638,11.208447907365706,88.79155209263429
Town01_T-Intersection,v_15_5,v_16_6,5,0.49841752702188236,17.25068744419424,82.74931255580576
Town01_T-Intersection,v_16_3,v_17_5,10,0.5380245019307391,23.700878629774003,76.299121370226
Town01_T-Intersection,v_16_3,v_17_5,15,0.25762795893072654,22.467252419849334,77.53274758015067
Town01_T-Intersection,v_16_3,v_17_5,20,0.7204930640286329,21.850439314887,78.149560685113
Town01_T-Intersection,v_16_3,v_17_5,25,0.8924960804487683,21.480351451909602,78.5196485480904
Town01_T-Intersection,v_16_3,v_17_5,30,0.7605638515345992,21.233626209924665,78.76637379007533
Town01_T-Intersection,v_16_3,v_17_5,5,0.6023064939646074,27.401757259548003,72.598242740452
Town01_T-Intersection,v_16_3,v_17_4,10,0.7559876884271993,13.625356943850303,86.3746430561497
Town01_T-Intersection,v_16_3,v_17_4,15,0.9742552834168453,12.416904629233535,87.58309537076647
Town01_T-Intersection,v_16_3,v_17_4,20,0.6364663622751549,11.812678471925151,88.18732152807485
Town01_T-Intersection,v_16_3,v_17_4,25,0.2778784804371399,11.45014277754012,88.54985722245988
Town01_T-Intersection,v_16_3,v_17_4,30,0.8582406027130005,11.208452314616768,88.79154768538324
Town01_T-Intersection,v_16_3,v_17_4,5,0.2030771113883011,17.250713887700606,82.74928611229939
Town01_T-Intersection,v_16_3,v_17_6,10,0.64266020734471,33.82505643658761,66.1749435634124
Town01_T-Intersection,v_16_3,v_17_6,15,0.8939807499810966,32.55003762439174,67.44996237560827
Town01_T-Intersection,v_16_3,v_17_6,20,0.3146865102500595,31.912528218293804,68.0874717817062
Town01_T-Intersection,v_16_3,v_17_6,25,0.7592407634024533,31.530022574635044,68.46997742536496
Town01_T-Intersection,v_16_3,v_17_6,30,0.6962527024049664,31.27501881219587,68.72498118780413
Town01_T-Intersection,v_16_3,v_17_6,5,0.3401324367613854,37.650112873175225,62.349887126824775
Town01_T-Intersection,v_16_3,v_17_7,10,0.001,43.995552469906244,56.004447530093756
Town01_T-Intersection,v_16_3,v_17_7,15,0.001,42.66370164660417,57.33629835339583
Town01_T-Intersection,v_16_3,v_17_7,20,0.001,41.99777623495312,58.00222376504688
Town01_T-Intersection,v_16_3,v_17_7,25,0.001,41.5982209879625,58.4017790120375
Town01_T-Intersection,v_16_3,v_17_7,30,0.001,41.331850823302084,58.668149176697916
Town01_T-Intersection,v_16_3,v_17_7,5,0.001,47.991104939812494,52.008895060187506
Town01_T-Intersection,v_16_3,v_17_3,10,0.001,3.6000006572805225,96.39999934271948
Town01_T-Intersection,v_16_3,v_17_3,15,0.001,2.400000438187015,97.59999956181298
Town01_T-Intersection,v_16_3,v_17_3,20,0.001,1.8000003286402613,98.19999967135973
Town01_T-Intersection,v_16_3,v_17_3,25,0.001,1.440000262912209,98.5599997370878
Town01_T-Intersection,v_16_3,v_17_3,30,0.001,1.2000002190935075,98.79999978090649
Town01_T-Intersection,v_16_3,v_17_3,5,0.001,7.200001314561045,92.79999868543895
Town01_T-Intersection,v_16_3,v_17_1,10,0.001,23.70082972120416,76.29917027879584
Town01_T-Intersection,v_16_3,v_17_1,15,0.001,22.467219814136104,77.5327801858639
Town01_T-Intersection,v_16_3,v_17_1,20,0.001,21.85041486060208,78.14958513939791
Town01_T-Intersection,v_16_3,v_17_1,25,0.001,21.48033188848166,78.51966811151834
Town01_T-Intersection,v_16_3,v_17_1,30,0.001,21.23360990706805,78.76639009293194
Town01_T-Intersection,v_16_3,v_17_1,5,0.001,27.401659442408313,72.59834055759168
Town01_T-Intersection,v_16_3,v_17_2,10,0.9744996337528483,13.625332236927655,86.37466776307235
Town01_T-Intersection,v_16_3,v_17_2,15,0.39320446692031097,12.41688815795177,87.58311184204823
Town01_T-Intersection,v_16_3,v_17_2,20,0.8022681186313332,11.812666118463827,88.18733388153618
Town01_T-Intersection,v_16_3,v_17_2,25,0.6010434489384584,11.450132894771063,88.54986710522894
Town01_T-Intersection,v_16_3,v_17_2,30,0.2675359487154647,11.208444078975885,88.79155592102411
Town01_T-Intersection,v_16_3,v_17_2,5,0.3220791950467559,17.25066447385531,82.74933552614469
Town01_T-Intersection,v_17_6,v_18_2,10,0.22670246880127562,43.9954534651767,56.0045465348233
Town01_T-Intersection,v_17_6,v_18_2,15,0.8954066529605736,42.66363564345114,57.33636435654886
Town01_T-Intersection,v_17_6,v_18_2,20,0.6281008777263661,41.997726732588355,58.002273267411645
Town01_T-Intersection,v_17_6,v_18_2,25,0.791557395602383,41.598181386070685,58.401818613929315
Town01_T-Intersection,v_17_6,v_18_2,30,0.8662474318528381,41.331817821725565,58.668182178274435
Town01_T-Intersection,v_17_6,v_18_2,5,0.5574857800217914,47.99090693035341,52.00909306964659
Town01_T-Intersection,v_17_6,v_18_5,10,0.001,13.625326781530264,86.37467321846974
Town01_T-Intersection,v_17_6,v_18_5,15,0.001,12.416884521020176,87.58311547897982
Town01_T-Intersection,v_17_6,v_18_5,20,0.001,11.812663390765133,88.18733660923486
Town01_T-Intersection,v_17_6,v_18_5,25,0.001,11.450130712612106,88.54986928738789
Town01_T-Intersection,v_17_6,v_18_5,30,0.001,11.208442260510088,88.79155773948992
Town01_T-Intersection,v_17_6,v_18_5,5,0.001,17.250653563060528,82.74934643693948
Town01_T-Intersection,v_17_6,v_18_4,10,0.001,23.70082437768254,76.29917562231746
Town01_T-Intersection,v_17_6,v_18_4,15,0.001,22.467216251788358,77.53278374821164
Town01_T-Intersection,v_17_6,v_18_4,20,0.001,21.85041218884127,78.14958781115874
Town01_T-Intersection,v_17_6,v_18_4,25,0.001,21.480329751073015,78.51967024892699
Town01_T-Intersection,v_17_6,v_18_4,30,0.001,21.23360812589418,78.76639187410582
Town01_T-Intersection,v_17_6,v_18_4,5,0.001,27.40164875536508,72.59835124463493
Town01_T-Intersection,v_17_6,v_18_3,10,0.001,33.82497911742055,66.17502088257945
Town01_T-Intersection,v_17_6,v_18_3,15,0.001,32.54998607828037,67.45001392171963
Town01_T-Intersection,v_17_6,v_18_3,20,0.001,31.912489558710273,68.08751044128972
Town01_T-Intersection,v_17_6,v_18_3,25,0.001,31.52999164696822,68.47000835303177
Town01_T-Intersection,v_17_6,v_18_3,30,0.001,31.274993039140185,68.72500696085982
Town01_T-Intersection,v_17_6,v_18_3,5,0.001,37.6499582348411,62.3500417651589
Town01_T-Intersection,v_17_6,v_18_6,10,0.001,3.5999951641174794,96.40000483588253
Town01_T-Intersection,v_17_6,v_18_6,15,0.001,2.399996776078319,97.60000322392168
Town01_T-Intersection,v_17_6,v_18_6,20,0.001,1.7999975820587397,98.20000241794126
Town01_T-Intersection,v_17_6,v_18_6,25,0.001,1.4399980656469917,98.56000193435301
Town01_T-Intersection,v_17_6,v_18_6,30,0.001,1.1999983880391596,98.80000161196084
Town01_T-Intersection,v_17_6,v_18_6,5,0.001,7.199990328234959,92.80000967176504
Town01_T-Intersection,v_17_6,v_18_7,10,0.199225150515548,13.625351489386858,86.37464851061314
Town01_T-Intersection,v_17_6,v_18_7,15,0.6142187020161538,12.416900992924573,87.58309900707543
Town01_T-Intersection,v_17_6,v_18_7,20,0.6700383376447749,11.81267574469343,88.18732425530658
Town01_T-Intersection,v_17_6,v_18_7,25,0.7541384002329984,11.450140595754743,88.54985940424525
Town01_T-Intersection,v_17_6,v_18_7,30,0.23000451530162175,11.208450496462286,88.79154950353771
Town01_T-Intersection,v_17_6,v_18_7,5,0.8923827769004254,17.250702978773717,82.74929702122628
Town01_T-Intersection,v_17_6,v_18_1,10,0.267457251000493,54.20930102616417,45.79069897383583
Town01_T-Intersection,v_17_6,v_18_1,15,0.1503075431712644,52.80620068410944,47.19379931589056
Town01_T-Intersection,v_17_6,v_18_1,20,0.7560599447119077,52.104650513082085,47.895349486917915
Town01_T-Intersection,v_17_6,v_18_1,25,0.4016144758016258,51.68372041046567,48.31627958953433
Town01_T-Intersection,v_17_6,v_18_1,30,0.7178452748241841,51.40310034205472,48.59689965794528
Town01_T-Intersection,v_17_6,v_18_1,5,0.23637412413208964,58.41860205232833,41.58139794767167
Town01_T-Intersection,v_17_7,v_18_2,10,0.001,54.20930102616417,45.79069897383583
Town01_T-Intersection,v_17_7,v_18_2,15,0.001,52.80620068410944,47.19379931589056
Town01_T-Intersection,v_17_7,v_18_2,20,0.001,52.104650513082085,47.895349486917915
Town01_T-Intersection,v_17_7,v_18_2,25,0.001,51.68372041046567,48.31627958953433
Town01_T-Intersection,v_17_7,v_18_2,30,0.001,51.40310034205472,48.59689965794528
Town01_T-Intersection,v_17_7,v_18_2,5,0.001,58.41860205232833,41.58139794767167
Town01_T-Intersection,v_17_7,v_18_5,10,0.17304684391780917,23.700824377682547,76.29917562231745
Town01_T-Intersection,v_17_7,v_18_5,15,0.26386817676400914,22.467216251788365,77.53278374821164
Town01_T-Intersection,v_17_7,v_18_5,20,0.2558612881110865,21.850412188841275,78.14958781115872
Town01_T-Intersection,v_17_7,v_18_5,25,0.5794339568323638,21.48032975107302,78.51967024892699
Town01_T-Intersection,v_17_7,v_18_5,30,0.17026143249361209,21.233608125894182,78.76639187410582
Town01_T-Intersection,v_17_7,v_18_5,5,0.6363746125147436,27.401648755365095,72.5983512446349
Town01_T-Intersection,v_17_7,v_18_4,10,0.001,33.824979117420554,66.17502088257945
Town01_T-Intersection,v_17_7,v_18_4,15,0.001,32.54998607828037,67.45001392171963
Town01_T-Intersection,v_17_7,v_18_4,20,0.001,31.912489558710277,68.08751044128972
Town01_T-Intersection,v_17_7,v_18_4,25,0.001,31.52999164696822,68.47000835303177
Town01_T-Intersection,v_17_7,v_18_4,30,0.001,31.274993039140185,68.72500696085982
Town01_T-Intersection,v_17_7,v_18_4,5,0.001,37.64995823484111,62.35004176515889
Town01_T-Intersection,v_17_7,v_18_3,10,0.001,43.995453465176716,56.004546534823284
Town01_T-Intersection,v_17_7,v_18_3,15,0.001,42.663635643451144,57.336364356548856
Town01_T-Intersection,v_17_7,v_18_3,20,0.001,41.99772673258836,58.00227326741164
Town01_T-Intersection,v_17_7,v_18_3,25,0.001,41.598181386070685,58.401818613929315
Town01_T-Intersection,v_17_7,v_18_3,30,0.001,41.33181782172557,58.66818217827443
Town01_T-Intersection,v_17_7,v_18_3,5,0.001,47.99090693035343,52.00909306964657
Town01_T-Intersection,v_17_7,v_18_6,10,0.001,13.625326781530264,86.37467321846974
Town01_T-Intersection,v_17_7,v_18_6,15,0.001,12.416884521020176,87.58311547897982
Town01_T-Intersection,v_17_7,v_18_6,20,0.001,11.812663390765133,88.18733660923486
Town01_T-Intersection,v_17_7,v_18_6,25,0.001,11.450130712612106,88.54986928738789
Town01_T-Intersection,v_17_7,v_18_6,30,0.001,11.208442260510088,88.79155773948992
Town01_T-Intersection,v_17_7,v_18_6,5,0.001,17.250653563060528,82.74934643693948
Town01_T-Intersection,v_17_7,v_18_7,10,0.001,3.5999951641174897,96.40000483588251
Town01_T-Intersection,v_17_7,v_18_7,15,0.001,2.3999967760783263,97.60000322392168
Town01_T-Intersection,v_17_7,v_18_7,20,0.001,1.7999975820587448,98.20000241794125
Town01_T-Intersection,v_17_7,v_18_7,25,0.001,1.4399980656469957,98.56000193435301
Town01_T-Intersection,v_17_7,v_18_7,30,0.001,1.1999983880391631,98.80000161196084
Town01_T-Intersection,v_17_7,v_18_7,5,0.001,7.199990328234979,92.80000967176503
Town01_T-Intersection,v_17_7,v_18_1,10,0.001,64.4632058181788,35.53679418182119
Town01_T-Intersection,v_17_7,v_18_1,15,0.001,62.97547054545253,37.02452945454747
Town01_T-Intersection,v_17_7,v_18_1,20,0.001,62.2316029090894,37.7683970909106
Town01_T-Intersection,v_17_7,v_18_1,25,0.001,61.78528232727152,38.21471767272848
Town01_T-Intersection,v_17_7,v_18_1,30,0.001,61.48773527272627,38.51226472727373
Town01_T-Intersection,v_17_7,v_18_1,5,0.001,68.9264116363576,31.0735883636424
Town01_T-Intersection,v_15_1,v_16_4,10,0.5944907226199319,33.824997622388096,66.1750023776119
Town01_T-Intersection,v_15_1,v_16_4,15,0.1739258089874488,32.5499984149254,67.4500015850746
Town01_T-Intersection,v_15_1,v_16_4,20,0.7098131760532238,31.912498811194048,68.08750118880596
Town01_T-Intersection,v_15_1,v_16_4,25,0.6946242782153574,31.529999048955236,68.47000095104477
Town01_T-Intersection,v_15_1,v_16_4,30,0.9698960922044682,31.2749992074627,68.7250007925373
Town01_T-Intersection,v_15_1,v_16_4,5,0.8468484517186564,37.64999524477619,62.35000475522381
Town01_T-Intersection,v_15_1,v_16_3,10,0.001,23.70082051617812,76.29917948382189
Town01_T-Intersection,v_15_1,v_16_3,15,0.001,22.46721367745208,77.53278632254792
Town01_T-Intersection,v_15_1,v_16_3,20,0.001,21.85041025808906,78.14958974191094
Town01_T-Intersection,v_15_1,v_16_3,25,0.001,21.480328206471246,78.51967179352876
Town01_T-Intersection,v_15_1,v_16_3,30,0.001,21.23360683872604,78.76639316127395
Town01_T-Intersection,v_15_1,v_16_3,5,0.001,27.40164103235624,72.59835896764376
Town01_T-Intersection,v_15_1,v_16_1,10,0.4065265089293758,3.599945725587021,96.40005427441298
Town01_T-Intersection,v_15_1,v_16_1,15,0.9509735156068526,2.3999638170580138,97.60003618294199
Town01_T-Intersection,v_15_1,v_16_1,20,0.39353733700118043,1.7999728627935105,98.20002713720649
Town01_T-Intersection,v_15_1,v_16_1,25,0.8192910178806977,1.4399782902348082,98.5600217097652
Town01_T-Intersection,v_15_1,v_16_1,30,0.32613138568988165,1.1999819085290069,98.80001809147099
Town01_T-Intersection,v_15_1,v_16_1,5,0.3491364237558249,7.199891451174042,92.80010854882596
Town01_T-Intersection,v_15_1,v_16_7,10,0.001,64.46328422590334,35.53671577409666
Town01_T-Intersection,v_15_1,v_16_7,15,0.001,62.97552281726889,37.02447718273111
Town01_T-Intersection,v_15_1,v_16_7,20,0.001,62.23164211295167,37.76835788704833
Town01_T-Intersection,v_15_1,v_16_7,25,0.001,61.785313690361335,38.214686309638665
Town01_T-Intersection,v_15_1,v_16_7,30,0.001,61.48776140863445,38.51223859136555
Town01_T-Intersection,v_15_1,v_16_7,5,0.001,68.92656845180667,31.073431548193327
Town01_T-Intersection,v_15_1,v_16_5,10,0.001,43.99549334354265,56.00450665645735
Town01_T-Intersection,v_15_1,v_16_5,15,0.001,42.66366222902843,57.33633777097157
Town01_T-Intersection,v_15_1,v_16_5,20,0.001,41.997746671771324,58.002253328228676
Town01_T-Intersection,v_15_1,v_16_5,25,0.001,41.59819733741706,58.40180266258294
Town01_T-Intersection,v_15_1,v_16_5,30,0.001,41.331831114514216,58.668168885485784
Town01_T-Intersection,v_15_1,v_16_5,5,0.001,47.990986687085304,52.009013312914696
Town01_T-Intersection,v_15_1,v_16_2,10,0.001,13.62530008276451,86.37469991723549
Town01_T-Intersection,v_15_1,v_16_2,15,0.001,12.416866721843006,87.58313327815699
Town01_T-Intersection,v_15_1,v_16_2,20,0.001,11.812650041382254,88.18734995861774
Town01_T-Intersection,v_15_1,v_16_2,25,0.001,11.450120033105804,88.5498799668942
Town01_T-Intersection,v_15_1,v_16_2,30,0.001,11.208433360921504,88.7915666390785
Town01_T-Intersection,v_15_1,v_16_2,5,0.001,17.25060016552902,82.74939983447098
Town01_T-Intersection,v_15_1,v_16_6,10,0.001,54.209360967979805,45.790639032020195
Town01_T-Intersection,v_15_1,v_16_6,15,0.001,52.80624064531987,47.19375935468013
Town01_T-Intersection,v_15_1,v_16_6,20,0.001,52.1046804839899,47.8953195160101
Town01_T-Intersection,v_15_1,v_16_6,25,0.001,51.68374438719192,48.31625561280808
Town01_T-Intersection,v_15_1,v_16_6,30,0.001,51.40312032265993,48.59687967734007
Town01_T-Intersection,v_15_1,v_16_6,5,0.001,58.4187219359596,41.5812780640404
Town01_T-Intersection,v_16_1,v_17_5,10,0.6604744801644442,43.995552469906244,56.004447530093756
Town01_T-Intersection,v_16_1,v_17_5,15,0.12017923212819807,42.66370164660417,57.33629835339583
Town01_T-Intersection,v_16_1,v_17_5,20,0.7052028028399637,41.99777623495312,58.00222376504688
Town01_T-Intersection,v_16_1,v_17_5,25,0.3273300500724345,41.5982209879625,58.4017790120375
Town01_T-Intersection,v_16_1,v_17_5,30,0.9137405388434151,41.331850823302084,58.668149176697916
Town01_T-Intersection,v_16_1,v_17_5,5,0.6377468771162916,47.991104939812494,52.008895060187506
Town01_T-Intersection,v_16_1,v_17_4,10,0.001,33.82505643658761,66.1749435634124
Town01_T-Intersection,v_16_1,v_17_4,15,0.001,32.55003762439174,67.44996237560827
Town01_T-Intersection,v_16_1,v_17_4,20,0.001,31.912528218293804,68.0874717817062
Town01_T-Intersection,v_16_1,v_17_4,25,0.001,31.530022574635044,68.46997742536496
Town01_T-Intersection,v_16_1,v_17_4,30,0.001,31.27501881219587,68.72498118780413
Town01_T-Intersection,v_16_1,v_17_4,5,0.001,37.650112873175225,62.349887126824775
Town01_T-Intersection,v_16_1,v_17_6,10,0.001,54.20942013253432,45.79057986746568
Town01_T-Intersection,v_16_1,v_17_6,15,0.001,52.80628008835622,47.19371991164378
Town01_T-Intersection,v_16_1,v_17_6,20,0.001,52.10471006626716,47.89528993373284
Town01_T-Intersection,v_16_1,v_17_6,25,0.001,51.68376805301373,48.31623194698627
Town01_T-Intersection,v_16_1,v_17_6,30,0.001,51.40314004417811,48.59685995582189
Town01_T-Intersection,v_16_1,v_17_6,5,0.001,58.418840265068646,41.581159734931354
Town01_T-Intersection,v_16_1,v_17_7,10,0.6250772245536137,64.46334334141541,35.53665665858459
Town01_T-Intersection,v_16_1,v_17_7,15,0.1517988778865314,62.975562227610276,37.024437772389724
Town01_T-Intersection,v_16_1,v_17_7,20,0.833806831042556,62.231671670707705,37.768328329292295
Town01_T-Intersection,v_16_1,v_17_7,25,0.7582925538267065,61.785337336566165,38.214662663433835
Town01_T-Intersection,v_16_1,v_17_7,30,0.652183420192052,61.487781113805134,38.512218886194866
Town01_T-Intersection,v_16_1,v_17_7,5,0.3334871770635536,68.92668668283082,31.07331331716918
Town01_T-Intersection,v_16_1,v_17_3,10,0.001,23.700878629774007,76.29912137022599
Town01_T-Intersection,v_16_1,v_17_3,15,0.001,22.467252419849338,77.53274758015067
Town01_T-Intersection,v_16_1,v_17_3,20,0.001,21.850439314887005,78.14956068511299
Town01_T-Intersection,v_16_1,v_17_3,25,0.001,21.480351451909602,78.5196485480904
Town01_T-Intersection,v_16_1,v_17_3,30,0.001,21.23362620992467,78.76637379007533
Town01_T-Intersection,v_16_1,v_17_3,5,0.001,27.401757259548013,72.59824274045198
Town01_T-Intersection,v_16_1,v_17_1,10,0.5175652938482427,3.6000006572805225,96.39999934271948
Town01_T-Intersection,v_16_1,v_17_1,15,0.3754199211688888,2.400000438187015,97.59999956181298
Town01_T-Intersection,v_16_1,v_17_1,20,0.2590415490812483,1.8000003286402613,98.19999967135973
Town01_T-Intersection,v_16_1,v_17_1,25,0.4317003406391332,1.440000262912209,98.5599997370878
Town01_T-Intersection,v_16_1,v_17_1,30,0.47372684180677904,1.2000002190935075,98.79999978090649
Town01_T-Intersection,v_16_1,v_17_1,5,0.7388648044792189,7.200001314561045,92.79999868543895
Town01_T-Intersection,v_16_1,v_17_2,10,0.781834616081172,13.625356943850306,86.3746430561497
Town01_T-Intersection,v_16_1,v_17_2,15,0.3335443341277339,12.416904629233539,87.58309537076646
Town01_T-Intersection,v_16_1,v_17_2,20,0.39791410261415694,11.812678471925153,88.18732152807485
Town01_T-Intersection,v_16_1,v_17_2,25,0.23950370919565517,11.450142777540123,88.54985722245988
Town01_T-Intersection,v_16_1,v_17_2,30,0.7389462155174306,11.20845231461677,88.79154768538324
Town01_T-Intersection,v_16_1,v_17_2,5,0.9232701652449182,17.250713887700613,82.74928611229939
Town01_T-Intersection,v_15_3,v_16_4,10,0.001,13.625321902426357,86.37467809757365
Town01_T-Intersection,v_15_3,v_16_4,15,0.001,12.41688126828424,87.58311873171576
Town01_T-Intersection,v_15_3,v_16_4,20,0.001,11.812660951213179,88.18733904878682
Town01_T-Intersection,v_15_3,v_16_4,25,0.001,11.450128760970543,88.54987123902946
Town01_T-Intersection,v_15_3,v_16_4,30,0.001,11.20844063414212,88.79155936585788
Town01_T-Intersection,v_15_3,v_16_4,5,0.001,17.250643804852714,82.74935619514729
Town01_T-Intersection,v_15_3,v_16_3,10,0.794235622040269,3.599967698235489,96.40003230176451
Town01_T-Intersection,v_15_3,v_16_3,15,0.9125923865109123,2.399978465490326,97.60002153450968
Town01_T-Intersection,v_15_3,v_16_3,20,0.4413674145707317,1.7999838491177444,98.20001615088225
Town01_T-Intersection,v_15_3,v_16_3,25,0.2860529146811809,1.4399870792941956,98.5600129207058
Town01_T-Intersection,v_15_3,v_16_3,30,0.9012416614840405,1.199989232745163,98.80001076725483
Town01_T-Intersection,v_15_3,v_16_3,5,0.5510916583293348,7.199935396470978,92.80006460352902
Town01_T-Intersection,v_15_3,v_16_1,10,0.001,23.700802352969802,76.2991976470302
Town01_T-Intersection,v_15_3,v_16_1,15,0.001,22.467201568646534,77.53279843135347
Town01_T-Intersection,v_15_3,v_16_1,20,0.001,21.8504011764849,78.1495988235151
Town01_T-Intersection,v_15_3,v_16_1,25,0.001,21.48032094118792,78.51967905881207
Town01_T-Intersection,v_15_3,v_16_1,30,0.001,21.23360078432327,78.76639921567673
Town01_T-Intersection,v_15_3,v_16_1,5,0.001,27.401604705939604,72.5983952940604
Town01_T-Intersection,v_15_3,v_16_7,10,0.20594455702076653,43.99551305614379,56.00448694385621
Town01_T-Intersection,v_15_3,v_16_7,15,0.2795149288353529,42.663675370762526,57.336324629237474
Town01_T-Intersection,v_15_3,v_16_7,20,0.4021178068087331,41.997756528071896,58.002243471928104
Town01_T-Intersection,v_15_3,v_16_7,25,0.2762403372266554,41.598205222457516,58.401794777542484
Town01_T-Intersection,v_15_3,v_16_7,30,0.3166373699504803,41.33183768538127,58.66816231461873
Town01_T-Intersection,v_15_3,v_16_7,5,0.38313921912395643,47.991026112287585,52.008973887712415
Town01_T-Intersection,v_15_3,v_16_5,10,0.001,23.70084188648798,76.29915811351202
Town01_T-Intersection,v_15_3,v_16_5,15,0.001,22.46722792432532,77.53277207567467
Town01_T-Intersection,v_15_3,v_16_5,20,0.001,21.85042094324399,78.14957905675601
Town01_T-Intersection,v_15_3,v_16_5,25,0.001,21.480336754595193,78.51966324540481
Town01_T-Intersection,v_15_3,v_16_5,30,0.001,21.23361396216266,78.76638603783734
Town01_T-Intersection,v_15_3,v_16_5,5,0.001,27.40168377297596,72.59831622702404
Town01_T-Intersection,v_15_3,v_16_2,10,0.2743595531225035,13.625301818863369,86.37469818113664
Town01_T-Intersection,v_15_3,v_16_2,15,0.9414015960070704,12.416867879242245,87.58313212075775
Town01_T-Intersection,v_15_3,v_16_2,20,0.31937741409049225,11.812650909431685,88.18734909056832
Town01_T-Intersection,v_15_3,v_16_2,25,0.35526090627448403,11.450120727545347,88.54987927245466
Town01_T-Intersection,v_15_3,v_16_2,30,0.8830538845872836,11.208433939621123,88.79156606037887
Town01_T-Intersection,v_15_3,v_16_2,5,0.920722936180612,17.250603637726737,82.74939636227326
Town01_T-Intersection,v_15_3,v_16_6,10,0.001,33.82501827265683,66.17498172734318
Town01_T-Intersection,v_15_3,v_16_6,15,0.001,32.550012181771216,67.44998781822878
Town01_T-Intersection,v_15_3,v_16_6,20,0.001,31.912509136328413,68.08749086367159
Town01_T-Intersection,v_15_3,v_16_6,25,0.001,31.53000730906273,68.46999269093727
Town01_T-Intersection,v_15_3,v_16_6,30,0.001,31.275006090885608,68.72499390911439
Town01_T-Intersection,v_15_3,v_16_6,5,0.001,37.650036545313654,62.349963454686346
Town01_T-Intersection,v_17_3,v_18_2,10,0.18670664116153607,13.625326781530264,86.37467321846974
Town01_T-Intersection,v_17_3,v_18_2,15,0.9002540709338185,12.416884521020176,87.58311547897982
Town01_T-Intersection,v_17_3,v_18_2,20,0.4743640136172984,11.812663390765133,88.18733660923486
Town01_T-Intersection,v_17_3,v_18_2,25,0.840317812449412,11.450130712612106,88.54986928738789
Town01_T-Intersection,v_17_3,v_18_2,30,0.5151207979118169,11.208442260510088,88.79155773948992
Town01_T-Intersection,v_17_3,v_18_2,5,0.834646617722478,17.250653563060528,82.74934643693948
Town01_T-Intersection,v_17_3,v_18_5,10,0.3864482017146593,23.70087328809887,76.29912671190112
Town01_T-Intersection,v_17_3,v_18_5,15,0.14324207197469502,22.467248858732578,77.53275114126743
Town01_T-Intersection,v_17_3,v_18_5,20,0.9189563940398636,21.850436644049434,78.14956335595056
Town01_T-Intersection,v_17_3,v_18_5,25,0.5754618399310675,21.480349315239547,78.51965068476045
Town01_T-Intersection,v_17_3,v_18_5,30,0.6324228989043184,21.23362442936629,78.76637557063371
Town01_T-Intersection,v_17_3,v_18_5,5,0.28242513459744456,27.401746576197738,72.59825342380226
Town01_T-Intersection,v_17_3,v_18_4,10,0.001,13.625351489386857,86.37464851061314
Town01_T-Intersection,v_17_3,v_18_4,15,0.001,12.416900992924571,87.58309900707543
Town01_T-Intersection,v_17_3,v_18_4,20,0.001,11.81267574469343,88.18732425530658
Town01_T-Intersection,v_17_3,v_18_4,25,0.001,11.450140595754743,88.54985940424525
Town01_T-Intersection,v_17_3,v_18_4,30,0.001,11.208450496462286,88.79154950353771
Town01_T-Intersection,v_17_3,v_18_4,5,0.001,17.250702978773713,82.74929702122628
Town01_T-Intersection,v_17_3,v_18_3,10,0.001,3.5999951641174897,96.40000483588251
Town01_T-Intersection,v_17_3,v_18_3,15,0.001,2.3999967760783263,97.60000322392168
Town01_T-Intersection,v_17_3,v_18_3,20,0.001,1.7999975820587448,98.20000241794125
Town01_T-Intersection,v_17_3,v_18_3,25,0.001,1.4399980656469957,98.56000193435301
Town01_T-Intersection,v_17_3,v_18_3,30,0.001,1.1999983880391631,98.80000161196084
Town01_T-Intersection,v_17_3,v_18_3,5,0.001,7.199990328234979,92.80000967176503
Town01_T-Intersection,v_17_3,v_18_6,10,0.8901370378467058,33.82505127535501,66.17494872464499
Town01_T-Intersection,v_17_3,v_18_6,15,0.4213499290936432,32.550034183570006,67.44996581643
Town01_T-Intersection,v_17_3,v_18_6,20,0.1431095756317658,31.912525637677504,68.0874743623225
Town01_T-Intersection,v_17_3,v_18_6,25,0.8267903078604739,31.530020510142002,68.46997948985799
Town01_T-Intersection,v_17_3,v_18_6,30,0.8478126414297444,31.275017091785003,68.724982908215
Town01_T-Intersection,v_17_3,v_18_6,5,0.3401986806160957,37.65010255071002,62.34989744928998
Town01_T-Intersection,v_17_3,v_18_7,10,0.42764050296029943,43.99554754572974,56.00445245427026
Town01_T-Intersection,v_17_3,v_18_7,15,0.782573045920948,42.66369836381983,57.33630163618017
Town01_T-Intersection,v_17_3,v_18_7,20,0.6976232101841726,41.997773772864875,58.002226227135125
Town01_T-Intersection,v_17_3,v_18_7,25,0.19148627771258986,41.5982190182919,58.4017809817081
Town01_T-Intersection,v_17_3,v_18_7,30,0.905063260945817,41.33184918190992,58.66815081809008
Town01_T-Intersection,v_17_3,v_18_7,5,0.660705468009175,47.99109509145949,52.00890490854051
Town01_T-Intersection,v_17_3,v_18_1,10,0.8138205039592916,23.700824377682547,76.29917562231745
Town01_T-Intersection,v_17_3,v_18_1,15,0.8819187890853339,22.467216251788365,77.53278374821164
Town01_T-Intersection,v_17_3,v_18_1,20,0.21421228214483023,21.850412188841275,78.14958781115872
Town01_T-Intersection,v_17_3,v_18_1,25,0.561646838917009,21.48032975107302,78.51967024892699
Town01_T-Intersection,v_17_3,v_18_1,30,0.6157186797924402,21.233608125894182,78.76639187410582
Town01_T-Intersection,v_17_3,v_18_1,5,0.54008309855999,27.401648755365095,72.5983512446349
Town01_T-Intersection,v_15_7,v_16_4,10,0.4521642237193271,33.825001794650674,66.17499820534933
Town01_T-Intersection,v_15_7,v_16_4,15,0.779430446987626,32.55000119643378,67.44999880356622
Town01_T-Intersection,v_15_7,v_16_4,20,0.40245610070140136,31.912500897325337,68.08749910267466
Town01_T-Intersection,v_15_7,v_16_4,25,0.9955612885741647,31.530000717860272,68.46999928213972
Town01_T-Intersection,v_15_7,v_16_4,30,0.5011365174070509,31.27500059821689,68.72499940178311
Town01_T-Intersection,v_15_7,v_16_4,5,0.8308546675664484,37.650003589301356,62.349996410698644
Town01_T-Intersection,v_15_7,v_16_3,10,0.8589927773742972,43.99547807541475,56.00452192458525
Town01_T-Intersection,v_15_7,v_16_3,15,0.9282137583004102,42.6636520502765,57.3363479497235
Town01_T-Intersection,v_15_7,v_16_3,20,0.3623141092820251,41.997739037707376,58.002260962292624
Town01_T-Intersection,v_15_7,v_16_3,25,0.14183068380294972,41.5981912301659,58.4018087698341
Town01_T-Intersection,v_15_7,v_16_3,30,0.19651373413223439,41.33182602513825,58.66817397486175
Town01_T-Intersection,v_15_7,v_16_3,5,0.6981394042824959,47.9909561508295,52.0090438491705
Town01_T-Intersection,v_15_7,v_16_1,10,0.001,64.46323468308907,35.53676531691093
Town01_T-Intersection,v_15_7,v_16_1,15,0.001,62.975489788726044,37.024510211273956
Town01_T-Intersection,v_15_7,v_16_1,20,0.001,62.231617341544535,37.768382658455465
Town01_T-Intersection,v_15_7,v_16_1,25,0.001,61.785293873235624,38.214706126764376
Town01_T-Intersection,v_15_7,v_16_1,30,0.001,61.48774489436302,38.51225510563698
Town01_T-Intersection,v_15_7,v_16_1,5,0.001,68.92646936617813,31.073530633821875
Town01_T-Intersection,v_15_7,v_16_7,10,0.001,3.600011643532426,96.39998835646757
Town01_T-Intersection,v_15_7,v_16_7,15,0.001,2.4000077623549503,97.59999223764505
Town01_T-Intersection,v_15_7,v_16_7,20,0.001,1.800005821766213,98.1999941782338
Town01_T-Intersection,v_15_7,v_16_7,25,0.001,1.4400046574129701,98.55999534258703
Town01_T-Intersection,v_15_7,v_16_7,30,0.001,1.2000038811774751,98.79999611882252
Town01_T-Intersection,v_15_7,v_16_7,5,0.001,7.200023287064852,92.79997671293515
Town01_T-Intersection,v_15_7,v_16_5,10,0.19797244670082248,23.70084509381371,76.29915490618629
Town01_T-Intersection,v_15_7,v_16_5,15,0.12006514339532467,22.467230062542473,77.53276993745753
Town01_T-Intersection,v_15_7,v_16_5,20,0.8194627419356131,21.850422546906856,78.14957745309314
Town01_T-Intersection,v_15_7,v_16_5,25,0.4751084177636652,21.480338037525485,78.51966196247452
Town01_T-Intersection,v_15_7,v_16_5,30,0.9659993723033229,21.23361503127124,78.76638496872876
Town01_T-Intersection,v_15_7,v_16_5,5,0.3803236530136084,27.401690187627423,72.59830981237258
Town01_T-Intersection,v_15_7,v_16_2,10,0.22896838721825463,54.20932775475264,45.79067224524736
Town01_T-Intersection,v_15_7,v_16_2,15,0.2622832552974845,52.806218503168424,47.193781496831576
Town01_T-Intersection,v_15_7,v_16_2,20,0.4317399057275062,52.10466387737632,47.89533612262368
Town01_T-Intersection,v_15_7,v_16_2,25,0.22755782023891563,51.68373110190106,48.31626889809894
Town01_T-Intersection,v_15_7,v_16_2,30,0.5221312711252456,51.40310925158421,48.59689074841579
Town01_T-Intersection,v_15_7,v_16_2,5,0.7863080550735516,58.418655509505285,41.581344490494715
Town01_T-Intersection,v_15_7,v_16_6,10,0.001,13.625345458371806,86.37465454162819
Town01_T-Intersection,v_15_7,v_16_6,15,0.001,12.41689697224787,87.58310302775213
Town01_T-Intersection,v_15_7,v_16_6,20,0.001,11.812672729185904,88.1873272708141
Town01_T-Intersection,v_15_7,v_16_6,25,0.001,11.450138183348722,88.54986181665127
Town01_T-Intersection,v_15_7,v_16_6,30,0.001,11.208448486123935,88.79155151387607
Town01_T-Intersection,v_15_7,v_16_6,5,0.001,17.25069091674361,82.74930908325639
Town01_T-Intersection,v_16_7,v_17_5,10,0.001,23.70082972120416,76.29917027879584
Town01_T-Intersection,v_16_7,v_17_5,15,0.001,22.467219814136104,77.5327801858639
Town01_T-Intersection,v_16_7,v_17_5,20,0.001,21.85041486060208,78.14958513939791
Town01_T-Intersection,v_16_7,v_17_5,25,0.001,21.48033188848166,78.51966811151834
Town01_T-Intersection,v_16_7,v_17_5,30,0.001,21.23360990706805,78.76639009293194
Town01_T-Intersection,v_16_7,v_17_5,5,0.001,27.401659442408313,72.59834055759168
Town01_T-Intersection,v_16_7,v_17_4,10,0.001,33.82498428137091,66.17501571862908
Town01_T-Intersection,v_16_7,v_17_4,15,0.001,32.54998952091394,67.45001047908606
Town01_T-Intersection,v_16_7,v_17_4,20,0.001,31.912492140685455,68.08750785931454
Town01_T-Intersection,v_16_7,v_17_4,25,0.001,31.52999371254836,68.47000628745164
Town01_T-Intersection,v_16_7,v_17_4,30,0.001,31.27499476045697,68.72500523954304
Town01_T-Intersection,v_16_7,v_17_4,5,0.001,37.64996856274181,62.35003143725819
Town01_T-Intersection,v_16_7,v_17_6,10,0.001,13.625332236927655,86.37466776307235
Town01_T-Intersection,v_16_7,v_17_6,15,0.001,12.41688815795177,87.58311184204823
Town01_T-Intersection,v_16_7,v_17_6,20,0.001,11.812666118463827,88.18733388153618
Town01_T-Intersection,v_16_7,v_17_6,25,0.001,11.450132894771063,88.54986710522894
Town01_T-Intersection,v_16_7,v_17_6,30,0.001,11.208444078975885,88.79155592102411
Town01_T-Intersection,v_16_7,v_17_6,5,0.001,17.25066447385531,82.74933552614469
Town01_T-Intersection,v_16_7,v_17_7,10,0.21210604741828312,3.6000006572805225,96.39999934271948
Town01_T-Intersection,v_16_7,v_17_7,15,0.4601718603170738,2.400000438187015,97.59999956181298
Town01_T-Intersection,v_16_7,v_17_7,20,0.6430301309093034,1.8000003286402613,98.19999967135973
Town01_T-Intersection,v_16_7,v_17_7,25,0.8357512332001189,1.440000262912209,98.5599997370878
Town01_T-Intersection,v_16_7,v_17_7,30,0.21167488378504545,1.2000002190935075,98.79999978090649
Town01_T-Intersection,v_16_7,v_17_7,5,0.21427915901361255,7.200001314561045,92.79999868543895
Town01_T-Intersection,v_16_7,v_17_3,10,0.001,43.995458374797906,56.004541625202094
Town01_T-Intersection,v_16_7,v_17_3,15,0.001,42.66363891653194,57.33636108346806
Town01_T-Intersection,v_16_7,v_17_3,20,0.001,41.99772918739895,58.00227081260105
Town01_T-Intersection,v_16_7,v_17_3,25,0.001,41.59818334991916,58.40181665008084
Town01_T-Intersection,v_16_7,v_17_3,30,0.001,41.33181945826597,58.66818054173403
Town01_T-Intersection,v_16_7,v_17_3,5,0.001,47.99091674959581,52.00908325040419
Town01_T-Intersection,v_16_7,v_17_1,10,0.7540276002668356,64.46321014250786,35.53678985749214
Town01_T-Intersection,v_16_7,v_17_1,15,0.5514368349418302,62.975473428338574,37.024526571661426
Town01_T-Intersection,v_16_7,v_17_1,20,0.14111336377088887,62.23160507125393,37.76839492874607
Town01_T-Intersection,v_16_7,v_17_1,25,0.5770408256222129,61.785284057003146,38.214715942996854
Town01_T-Intersection,v_16_7,v_17_1,30,0.6463576841917109,61.48773671416929,38.51226328583071
Town01_T-Intersection,v_16_7,v_17_1,5,0.4935859633167482,68.92642028501574,31.073579714984263
Town01_T-Intersection,v_16_7,v_17_2,10,0.9510910462719175,54.20930566145192,45.79069433854808
Town01_T-Intersection,v_16_7,v_17_2,15,0.6920490392857368,52.80620377430128,47.19379622569872
Town01_T-Intersection,v_16_7,v_17_2,20,0.8161602682537683,52.10465283072596,47.89534716927404
Town01_T-Intersection,v_16_7,v_17_2,25,0.6808121154118466,51.683722264580766,48.316277735419234
Town01_T-Intersection,v_16_7,v_17_2,30,0.7472493411626866,51.40310188715064,48.59689811284936
Town01_T-Intersection,v_16_7,v_17_2,5,0.6418398674137935,58.41861132290384,41.58138867709616
Town01_T-Intersection,v_15_4,v_16_4,10,0.001,3.5999786845597286,96.40002131544027
Town01_T-Intersection,v_15_4,v_16_4,15,0.001,2.399985789706485,97.60001421029351
Town01_T-Intersection,v_15_4,v_16_4,20,0.001,1.7999893422798643,98.20001065772014
Town01_T-Intersection,v_15_4,v_16_4,25,0.001,1.4399914738238913,98.5600085261761
Town01_T-Intersection,v_15_4,v_16_4,30,0.001,1.1999928948532426,98.80000710514676
Town01_T-Intersection,v_15_4,v_16_4,5,0.001,7.199957369119457,92.80004263088054
Town01_T-Intersection,v_15_4,v_16_3,10,0.001,13.625312728737056,86.37468727126294
Town01_T-Intersection,v_15_4,v_16_3,15,0.001,12.41687515249137,87.58312484750863
Town01_T-Intersection,v_15_4,v_16_3,20,0.001,11.812656364368527,88.18734363563148
Town01_T-Intersection,v_15_4,v_16_3,25,0.001,11.450125091494822,88.54987490850517
Town01_T-Intersection,v_15_4,v_16_3,30,0.001,11.208437576245686,88.79156242375431
Town01_T-Intersection,v_15_4,v_16_3,5,0.001,17.25062545747411,82.74937454252589
Town01_T-Intersection,v_15_4,v_16_1,10,0.001,33.824970819012314,66.17502918098768
Town01_T-Intersection,v_15_4,v_16_1,15,0.001,32.54998054600821,67.45001945399179
Town01_T-Intersection,v_15_4,v_16_1,20,0.001,31.912485409506157,68.08751459049384
Town01_T-Intersection,v_15_4,v_16_1,25,0.001,31.529988327604926,68.47001167239507
Town01_T-Intersection,v_15_4,v_16_1,30,0.001,31.274990273004104,68.72500972699589
Town01_T-Intersection,v_15_4,v_16_1,5,0.001,37.64994163802462,62.35005836197538
Town01_T-Intersection,v_15_4,v_16_7,10,0.001,33.825028597796965,66.17497140220303
Town01_T-Intersection,v_15_4,v_16_7,15,0.001,32.55001906519798,67.44998093480203
Town01_T-Intersection,v_15_4,v_16_7,20,0.001,31.912514298898483,68.08748570110151
Town01_T-Intersection,v_15_4,v_16_7,25,0.001,31.530011439118788,68.4699885608812
Town01_T-Intersection,v_15_4,v_16_7,30,0.001,31.27500953259899,68.72499046740101
Town01_T-Intersection,v_15_4,v_16_7,5,0.001,37.65005719559393,62.34994280440607
Town01_T-Intersection,v_15_4,v_16_5,10,0.001,13.625332812260613,86.37466718773939
Town01_T-Intersection,v_15_4,v_16_5,15,0.001,12.416888541507076,87.58311145849292
Town01_T-Intersection,v_15_4,v_16_5,20,0.001,11.812666406130306,88.1873335938697
Town01_T-Intersection,v_15_4,v_16_5,25,0.001,11.450133124904244,88.54986687509576
Town01_T-Intersection,v_15_4,v_16_5,30,0.001,11.208444270753537,88.79155572924647
Town01_T-Intersection,v_15_4,v_16_5,5,0.001,17.250665624521226,82.74933437547878
Town01_T-Intersection,v_15_4,v_16_2,10,0.001,23.70081303817267,76.29918696182733
Town01_T-Intersection,v_15_4,v_16_2,15,0.001,22.46720869211511,77.53279130788489
Town01_T-Intersection,v_15_4,v_16_2,20,0.001,21.850406519086334,78.14959348091367
Town01_T-Intersection,v_15_4,v_16_2,25,0.001,21.48032521526907,78.51967478473094
Town01_T-Intersection,v_15_4,v_16_2,30,0.001,21.233604346057557,78.76639565394244
Town01_T-Intersection,v_15_4,v_16_2,5,0.001,27.401626076345337,72.59837392365466
Town01_T-Intersection,v_15_4,v_16_6,10,0.9288372368949741,23.70085257165099,76.29914742834902
Town01_T-Intersection,v_15_4,v_16_6,15,0.8166302474940428,22.467235047767325,77.53276495223267
Town01_T-Intersection,v_15_4,v_16_6,20,0.9442405213919425,21.850426285825495,78.14957371417451
Town01_T-Intersection,v_15_4,v_16_6,25,0.39695885521119956,21.480341028660394,78.51965897133961
Town01_T-Intersection,v_15_4,v_16_6,30,0.34703504801691565,21.233617523883662,78.76638247611633
Town01_T-Intersection,v_15_4,v_16_6,5,0.9442249719379641,27.401705143301978,72.59829485669802
Town01_T-Intersection,v_15_6,v_16_4,10,0.001,23.700834408594663,76.29916559140534
Town01_T-Intersection,v_15_6,v_16_4,15,0.001,22.467222939063106,77.5327770609369
Town01_T-Intersection,v_15_6,v_16_4,20,0.001,21.85041720429733,78.14958279570267
Town01_T-Intersection,v_15_6,v_16_4,25,0.001,21.480333763437866,78.51966623656213
Town01_T-Intersection,v_15_6,v_16_4,30,0.001,21.233611469531553,78.76638853046845
Town01_T-Intersection,v_15_6,v_16_4,5,0.001,27.401668817189325,72.59833118281068
Town01_T-Intersection,v_15_6,v_16_3,10,0.36377342461632434,33.82499146943405,66.17500853056595
Town01_T-Intersection,v_15_6,v_16_3,15,0.951745083987796,32.54999431295604,67.45000568704396
Town01_T-Intersection,v_15_6,v_16_3,20,0.5223892139420085,31.912495734717027,68.08750426528297
Town01_T-Intersection,v_15_6,v_16_3,25,0.9668127156277344,31.529996587773624,68.47000341222638
Town01_T-Intersection,v_15_6,v_16_3,30,0.36427349018835076,31.27499715647802,68.72500284352198
Town01_T-Intersection,v_15_6,v_16_3,5,0.8859822922888952,37.64998293886811,62.35001706113189
Town01_T-Intersection,v_15_6,v_16_1,10,0.7887237931933936,54.20931850169656,45.79068149830344
Town01_T-Intersection,v_15_6,v_16_1,15,0.8290235917702814,52.80621233446438,47.19378766553562
Town01_T-Intersection,v_15_6,v_16_1,20,0.8301892251664257,52.10465925084828,47.89534074915172
Town01_T-Intersection,v_15_6,v_16_1,25,0.2103462409634153,51.68372740067863,48.31627259932137
Town01_T-Intersection,v_15_6,v_16_1,30,0.4626220697049537,51.40310616723219,48.59689383276781
Town01_T-Intersection,v_15_6,v_16_1,5,0.7024616773798451,58.41863700339312,41.58136299660688
Town01_T-Intersection,v_15_6,v_16_7,10,0.9908485786753535,13.625354631935892,86.37464536806411
Town01_T-Intersection,v_15_6,v_16_7,15,0.6926942235094274,12.41690308795726,87.58309691204273
Town01_T-Intersection,v_15_6,v_16_7,20,0.9277982975808364,11.812677315967946,88.18732268403205
Town01_T-Intersection,v_15_6,v_16_7,25,0.31067568191527045,11.450141852774356,88.54985814722565
Town01_T-Intersection,v_15_6,v_16_7,30,0.6290758550507977,11.208451543978631,88.79154845602137
Town01_T-Intersection,v_15_6,v_16_7,5,0.2559879216796265,17.250709263871784,82.74929073612822
Town01_T-Intersection,v_15_6,v_16_5,10,0.001,13.625334548491278,86.37466545150872
Town01_T-Intersection,v_15_6,v_16_5,15,0.001,12.416889698994185,87.58311030100582
Town01_T-Intersection,v_15_6,v_16_5,20,0.001,11.812667274245639,88.18733272575436
Town01_T-Intersection,v_15_6,v_16_5,25,0.001,11.45013381939651,88.54986618060349
Town01_T-Intersection,v_15_6,v_16_5,30,0.001,11.208444849497091,88.79155515050292
Town01_T-Intersection,v_15_6,v_16_5,5,0.001,17.250669096982556,82.74933090301744
Town01_T-Intersection,v_15_6,v_16_2,10,0.001,43.99546823577179,56.00453176422821
Town01_T-Intersection,v_15_6,v_16_2,15,0.001,42.663645490514526,57.336354509485474
Town01_T-Intersection,v_15_6,v_16_2,20,0.001,41.99773411788589,58.00226588211411
Town01_T-Intersection,v_15_6,v_16_2,25,0.001,41.598187294308715,58.401812705691285
Town01_T-Intersection,v_15_6,v_16_2,30,0.001,41.33182274525726,58.66817725474274
Town01_T-Intersection,v_15_6,v_16_2,5,0.001,47.99093647154358,52.00906352845642
Town01_T-Intersection,v_15_6,v_16_6,10,0.001,3.6000006572081875,96.39999934279182
Town01_T-Intersection,v_15_6,v_16_6,15,0.001,2.4000004381387914,97.59999956186121
Town01_T-Intersection,v_15_6,v_16_6,20,0.001,1.8000003286040938,98.1999996713959
Town01_T-Intersection,v_15_6,v_16_6,25,0.001,1.4400002628832749,98.55999973711673
Town01_T-Intersection,v_15_6,v_16_6,30,0.001,1.2000002190693957,98.7999997809306
Town01_T-Intersection,v_15_6,v_16_6,5,0.001,7.200001314416375,92.79999868558363
Town01_T-Intersection,v_16_5,v_17_5,10,0.001,3.6000006572805225,96.39999934271948
Town01_T-Intersection,v_16_5,v_17_5,15,0.001,2.400000438187015,97.59999956181298
Town01_T-Intersection,v_16_5,v_17_5,20,0.001,1.8000003286402613,98.19999967135973
Town01_T-Intersection,v_16_5,v_17_5,25,0.001,1.440000262912209,98.5599997370878
Town01_T-Intersection,v_16_5,v_17_5,30,0.001,1.2000002190935075,98.79999978090649
Town01_T-Intersection,v_16_5,v_17_5,5,0.001,7.200001314561045,92.79999868543895
Town01_T-Intersection,v_16_5,v_17_4,10,0.2641126976408602,13.625332236927655,86.37466776307235
Town01_T-Intersection,v_16_5,v_17_4,15,0.7850207863996589,12.41688815795177,87.58311184204823
Town01_T-Intersection,v_16_5,v_17_4,20,0.32407812413614356,11.812666118463827,88.18733388153618
Town01_T-Intersection,v_16_5,v_17_4,25,0.22248905106801092,11.450132894771063,88.54986710522894
Town01_T-Intersection,v_16_5,v_17_4,30,0.2906212041195237,11.208444078975885,88.79155592102411
Town01_T-Intersection,v_16_5,v_17_4,5,0.9105166242762316,17.25066447385531,82.74933552614469
Town01_T-Intersection,v_16_5,v_17_6,10,0.001,13.625356943850306,86.3746430561497
Town01_T-Intersection,v_16_5,v_17_6,15,0.001,12.416904629233539,87.58309537076646
Town01_T-Intersection,v_16_5,v_17_6,20,0.001,11.812678471925153,88.18732152807485
Town01_T-Intersection,v_16_5,v_17_6,25,0.001,11.450142777540123,88.54985722245988
Town01_T-Intersection,v_16_5,v_17_6,30,0.001,11.20845231461677,88.79154768538324
Town01_T-Intersection,v_16_5,v_17_6,5,0.001,17.250713887700613,82.74928611229939
Town01_T-Intersection,v_16_5,v_17_7,10,0.24051618003081296,23.700878629774007,76.29912137022599
Town01_T-Intersection,v_16_5,v_17_7,15,0.8200637519496785,22.467252419849338,77.53274758015067
Town01_T-Intersection,v_16_5,v_17_7,20,0.9041233815571907,21.850439314887005,78.14956068511299
Town01_T-Intersection,v_16_5,v_17_7,25,0.9524971766296709,21.480351451909602,78.5196485480904
Town01_T-Intersection,v_16_5,v_17_7,30,0.2012833178922307,21.23362620992467,78.76637379007533
Town01_T-Intersection,v_16_5,v_17_7,5,0.40285433336687315,27.401757259548013,72.59824274045198
Town01_T-Intersection,v_16_5,v_17_3,10,0.2971785115538721,23.70082972120415,76.29917027879586
Town01_T-Intersection,v_16_5,v_17_3,15,0.9247603643850663,22.4672198141361,77.5327801858639
Town01_T-Intersection,v_16_5,v_17_3,20,0.18987398144802742,21.850414860602076,78.14958513939793
Town01_T-Intersection,v_16_5,v_17_3,25,0.10290471765514425,21.48033188848166,78.51966811151834
Town01_T-Intersection,v_16_5,v_17_3,30,0.6961145488807352,21.23360990706805,78.76639009293194
Town01_T-Intersection,v_16_5,v_17_3,5,0.792971596647862,27.4016594424083,72.5983405575917
Town01_T-Intersection,v_16_5,v_17_1,10,0.001,43.995458374797906,56.004541625202094
Town01_T-Intersection,v_16_5,v_17_1,15,0.001,42.66363891653194,57.33636108346806
Town01_T-Intersection,v_16_5,v_17_1,20,0.001,41.99772918739895,58.00227081260105
Town01_T-Intersection,v_16_5,v_17_1,25,0.001,41.59818334991916,58.40181665008084
Town01_T-Intersection,v_16_5,v_17_1,30,0.001,41.33181945826597,58.66818054173403
Town01_T-Intersection,v_16_5,v_17_1,5,0.001,47.99091674959581,52.00908325040419
Town01_T-Intersection,v_16_5,v_17_2,10,0.001,33.824984281370895,66.17501571862911
Town01_T-Intersection,v_16_5,v_17_2,15,0.001,32.54998952091393,67.45001047908607
Town01_T-Intersection,v_16_5,v_17_2,20,0.001,31.912492140685448,68.08750785931456
Town01_T-Intersection,v_16_5,v_17_2,25,0.001,31.529993712548357,68.47000628745164
Town01_T-Intersection,v_16_5,v_17_2,30,0.001,31.274994760456966,68.72500523954304
Town01_T-Intersection,v_16_5,v_17_2,5,0.001,37.64996856274179,62.35003143725821
Town01_T-Intersection,v_17_1,v_18_2,10,0.7670741155056056,13.625351489386858,86.37464851061314
Town01_T-Intersection,v_17_1,v_18_2,15,0.8560904177638168,12.416900992924573,87.58309900707543
Town01_T-Intersection,v_17_1,v_18_2,20,0.12053839267719522,11.81267574469343,88.18732425530658
Town01_T-Intersection,v_17_1,v_18_2,25,0.4749965201691374,11.450140595754743,88.54985940424525
Town01_T-Intersection,v_17_1,v_18_2,30,0.807700787403581,11.208450496462286,88.79154950353771
Town01_T-Intersection,v_17_1,v_18_2,5,0.42237312255084936,17.250702978773717,82.74929702122628
Town01_T-Intersection,v_17_1,v_18_5,10,0.1629846902008817,43.99554754572974,56.00445245427026
Town01_T-Intersection,v_17_1,v_18_5,15,0.943367115570752,42.66369836381983,57.33630163618017
Town01_T-Intersection,v_17_1,v_18_5,20,0.9487325085868766,41.997773772864875,58.002226227135125
Town01_T-Intersection,v_17_1,v_18_5,25,0.7195591771678473,41.5982190182919,58.4017809817081
Town01_T-Intersection,v_17_1,v_18_5,30,0.5844287047965094,41.33184918190992,58.66815081809008
Town01_T-Intersection,v_17_1,v_18_5,5,0.29825978185209584,47.99109509145949,52.00890490854051
Town01_T-Intersection,v_17_1,v_18_4,10,0.8946369192401571,33.825051275355015,66.17494872464499
Town01_T-Intersection,v_17_1,v_18_4,15,0.6507030517180915,32.55003418357001,67.44996581643
Town01_T-Intersection,v_17_1,v_18_4,20,0.837962744019601,31.912525637677508,68.0874743623225
Town01_T-Intersection,v_17_1,v_18_4,25,0.30736834182420114,31.53002051014201,68.46997948985799
Town01_T-Intersection,v_17_1,v_18_4,30,0.17720595268805733,31.275017091785006,68.724982908215
Town01_T-Intersection,v_17_1,v_18_4,5,0.44592396660949807,37.65010255071004,62.34989744928996
Town01_T-Intersection,v_17_1,v_18_3,10,0.001,23.700873288098883,76.29912671190112
Town01_T-Intersection,v_17_1,v_18_3,15,0.001,22.46724885873259,77.53275114126741
Town01_T-Intersection,v_17_1,v_18_3,20,0.001,21.85043664404944,78.14956335595056
Town01_T-Intersection,v_17_1,v_18_3,25,0.001,21.480349315239554,78.51965068476045
Town01_T-Intersection,v_17_1,v_18_3,30,0.001,21.233624429366294,78.7663755706337
Town01_T-Intersection,v_17_1,v_18_3,5,0.001,27.401746576197766,72.59825342380223
Town01_T-Intersection,v_17_1,v_18_6,10,0.41503942684435713,54.20941549489508,45.79058450510492
Town01_T-Intersection,v_17_1,v_18_6,15,0.8480679288365199,52.80627699659672,47.19372300340328
Town01_T-Intersection,v_17_1,v_18_6,20,0.7984886005637829,52.10470774744754,47.89529225255246
Town01_T-Intersection,v_17_1,v_18_6,25,0.7653669964287041,51.683766197958036,48.316233802041964
Town01_T-Intersection,v_17_1,v_18_6,30,0.7255481711717212,51.40313849829836,48.59686150170164
Town01_T-Intersection,v_17_1,v_18_6,5,0.8120873087334668,58.41883098979017,41.58116901020983
Town01_T-Intersection,v_17_1,v_18_7,10,0.001,64.46333902208775,35.53666097791225
Town01_T-Intersection,v_17_1,v_18_7,15,0.001,62.975559348058496,37.024440651941504
Town01_T-Intersection,v_17_1,v_18_7,20,0.001,62.231669511043876,37.768330488956124
Town01_T-Intersection,v_17_1,v_18_7,25,0.001,61.7853356088351,38.2146643911649
Town01_T-Intersection,v_17_1,v_18_7,30,0.001,61.48777967402925,38.51222032597075
Town01_T-Intersection,v_17_1,v_18_7,5,0.001,68.92667804417549,31.07332195582451
Town01_T-Intersection,v_17_1,v_18_1,10,0.2703644716048027,3.5999951641174897,96.40000483588251
Town01_T-Intersection,v_17_1,v_18_1,15,0.7043429003896404,2.3999967760783263,97.60000322392168
Town01_T-Intersection,v_17_1,v_18_1,20,0.8026430905605432,1.7999975820587448,98.20000241794125
Town01_T-Intersection,v_17_1,v_18_1,25,0.8775832693616831,1.4399980656469957,98.56000193435301
Town01_T-Intersection,v_17_1,v_18_1,30,0.900188307939794,1.1999983880391631,98.80000161196084
Town01_T-Intersection,v_17_1,v_18_1,5,0.4538769857084559,7.199990328234979,92.80000967176503
Town01_T-Intersection,v_16_2,v_17_5,10,0.3122431154319676,33.82505643658761,66.1749435634124
Town01_T-Intersection,v_16_2,v_17_5,15,0.5462264627073702,32.55003762439174,67.44996237560827
Town01_T-Intersection,v_16_2,v_17_5,20,0.9427595063453378,31.912528218293804,68.0874717817062
Town01_T-Intersection,v_16_2,v_17_5,25,0.8187029716438508,31.530022574635044,68.46997742536496
Town01_T-Intersection,v_16_2,v_17_5,30,0.47735144537485674,31.27501881219587,68.72498118780413
Town01_T-Intersection,v_16_2,v_17_5,5,0.4935747571885768,37.650112873175225,62.349887126824775
Town01_T-Intersection,v_16_2,v_17_4,10,0.001,23.70087862977401,76.29912137022599
Town01_T-Intersection,v_16_2,v_17_4,15,0.001,22.46725241984934,77.53274758015066
Town01_T-Intersection,v_16_2,v_17_4,20,0.001,21.850439314887005,78.14956068511299
Town01_T-Intersection,v_16_2,v_17_4,25,0.001,21.480351451909605,78.5196485480904
Town01_T-Intersection,v_16_2,v_17_4,30,0.001,21.23362620992467,78.76637379007533
Town01_T-Intersection,v_16_2,v_17_4,5,0.001,27.401757259548024,72.59824274045198
Town01_T-Intersection,v_16_2,v_17_6,10,0.6507651388084129,43.99555246990626,56.00444753009374
Town01_T-Intersection,v_16_2,v_17_6,15,0.6086622522882227,42.66370164660417,57.33629835339583
Town01_T-Intersection,v_16_2,v_17_6,20,0.12474832334701932,41.99777623495313,58.00222376504687
Town01_T-Intersection,v_16_2,v_17_6,25,0.4180615142176297,41.5982209879625,58.4017790120375
Town01_T-Intersection,v_16_2,v_17_6,30,0.4499131364240705,41.331850823302084,58.668149176697916
Town01_T-Intersection,v_16_2,v_17_6,5,0.8974880454221744,47.99110493981251,52.00889506018749
Town01_T-Intersection,v_16_2,v_17_7,10,0.22379124155237554,54.20942013253433,45.79057986746567
Town01_T-Intersection,v_16_2,v_17_7,15,0.12424616251706277,52.80628008835622,47.19371991164378
Town01_T-Intersection,v_16_2,v_17_7,20,0.847641155328397,52.10471006626717,47.89528993373283
Town01_T-Intersection,v_16_2,v_17_7,25,0.3560593893721049,51.68376805301373,48.31623194698627
Town01_T-Intersection,v_16_2,v_17_7,30,0.714609004078746,51.40314004417811,48.59685995582189
Town01_T-Intersection,v_16_2,v_17_7,5,0.674966700225417,58.41884026506867,41.58115973493133
Town01_T-Intersection,v_16_2,v_17_3,10,0.001,13.625356943850306,86.3746430561497
Town01_T-Intersection,v_16_2,v_17_3,15,0.001,12.416904629233539,87.58309537076646
Town01_T-Intersection,v_16_2,v_17_3,20,0.001,11.812678471925153,88.18732152807485
Town01_T-Intersection,v_16_2,v_17_3,25,0.001,11.450142777540123,88.54985722245988
Town01_T-Intersection,v_16_2,v_17_3,30,0.001,11.20845231461677,88.79154768538324
Town01_T-Intersection,v_16_2,v_17_3,5,0.001,17.250713887700613,82.74928611229939
Town01_T-Intersection,v_16_2,v_17_1,10,0.001,13.625332236927655,86.37466776307235
Town01_T-Intersection,v_16_2,v_17_1,15,0.001,12.41688815795177,87.58311184204823
Town01_T-Intersection,v_16_2,v_17_1,20,0.001,11.812666118463827,88.18733388153618
Town01_T-Intersection,v_16_2,v_17_1,25,0.001,11.450132894771063,88.54986710522894
Town01_T-Intersection,v_16_2,v_17_1,30,0.001,11.208444078975885,88.79155592102411
Town01_T-Intersection,v_16_2,v_17_1,5,0.001,17.25066447385531,82.74933552614469
Town01_T-Intersection,v_16_2,v_17_2,10,0.001,3.6000006572805328,96.39999934271947
Town01_T-Intersection,v_16_2,v_17_2,15,0.001,2.4000004381870217,97.59999956181298
Town01_T-Intersection,v_16_2,v_17_2,20,0.001,1.8000003286402664,98.19999967135973
Town01_T-Intersection,v_16_2,v_17_2,25,0.001,1.440000262912213,98.5599997370878
Town01_T-Intersection,v_16_2,v_17_2,30,0.001,1.2000002190935108,98.79999978090649
Town01_T-Intersection,v_16_2,v_17_2,5,0.001,7.2000013145610655,92.79999868543894
Town01_T-Intersection,v_17_2,v_18_2,10,0.001,3.5999951641174794,96.40000483588253
Town01_T-Intersection,v_17_2,v_18_2,15,0.001,2.399996776078319,97.60000322392168
Town01_T-Intersection,v_17_2,v_18_2,20,0.001,1.7999975820587397,98.20000241794126
Town01_T-Intersection,v_17_2,v_18_2,25,0.001,1.4399980656469917,98.56000193435301
Town01_T-Intersection,v_17_2,v_18_2,30,0.001,1.1999983880391596,98.80000161196084
Town01_T-Intersection,v_17_2,v_18_2,5,0.001,7.199990328234959,92.80000967176504
Town01_T-Intersection,v_17_2,v_18_5,10,0.918021625145443,33.825051275355015,66.17494872464499
Town01_T-Intersection,v_17_2,v_18_5,15,0.387315450096148,32.55003418357001,67.44996581643
Town01_T-Intersection,v_17_2,v_18_5,20,0.9900267725159505,31.912525637677508,68.0874743623225
Town01_T-Intersection,v_17_2,v_18_5,25,0.876653529211189,31.53002051014201,68.46997948985799
Town01_T-Intersection,v_17_2,v_18_5,30,0.33992422231719355,31.275017091785006,68.724982908215
Town01_T-Intersection,v_17_2,v_18_5,5,0.718189892646088,37.65010255071004,62.34989744928996
Town01_T-Intersection,v_17_2,v_18_4,10,0.6489230553419274,23.70087328809887,76.29912671190112
Town01_T-Intersection,v_17_2,v_18_4,15,0.857322172640713,22.467248858732578,77.53275114126743
Town01_T-Intersection,v_17_2,v_18_4,20,0.4089169215958458,21.850436644049434,78.14956335595056
Town01_T-Intersection,v_17_2,v_18_4,25,0.6770349726668087,21.480349315239547,78.51965068476045
Town01_T-Intersection,v_17_2,v_18_4,30,0.6851209790004242,21.23362442936629,78.76637557063371
Town01_T-Intersection,v_17_2,v_18_4,5,0.11259456287330714,27.401746576197738,72.59825342380226
Town01_T-Intersection,v_17_2,v_18_3,10,0.001,13.625351489386858,86.37464851061314
Town01_T-Intersection,v_17_2,v_18_3,15,0.001,12.416900992924573,87.58309900707543
Town01_T-Intersection,v_17_2,v_18_3,20,0.001,11.81267574469343,88.18732425530658
Town01_T-Intersection,v_17_2,v_18_3,25,0.001,11.450140595754743,88.54985940424525
Town01_T-Intersection,v_17_2,v_18_3,30,0.001,11.208450496462286,88.79154950353771
Town01_T-Intersection,v_17_2,v_18_3,5,0.001,17.250702978773717,82.74929702122628
Town01_T-Intersection,v_17_2,v_18_6,10,0.001,43.99554754572974,56.00445245427026
Town01_T-Intersection,v_17_2,v_18_6,15,0.001,42.663698363819826,57.336301636180174
Town01_T-Intersection,v_17_2,v_18_6,20,0.001,41.997773772864875,58.002226227135125
Town01_T-Intersection,v_17_2,v_18_6,25,0.001,41.5982190182919,58.4017809817081
Town01_T-Intersection,v_17_2,v_18_6,30,0.001,41.33184918190992,58.66815081809008
Town01_T-Intersection,v_17_2,v_18_6,5,0.001,47.991095091459485,52.008904908540515
Town01_T-Intersection,v_17_2,v_18_7,10,0.40627557219278854,54.20941549489508,45.79058450510492
Town01_T-Intersection,v_17_2,v_18_7,15,0.26448040854036536,52.80627699659672,47.19372300340328
Town01_T-Intersection,v_17_2,v_18_7,20,0.4046228877461313,52.10470774744754,47.89529225255246
Town01_T-Intersection,v_17_2,v_18_7,25,0.6675810203338512,51.683766197958036,48.316233802041964
Town01_T-Intersection,v_17_2,v_18_7,30,0.9606881597296423,51.40313849829836,48.59686150170164
Town01_T-Intersection,v_17_2,v_18_7,5,0.1501110485829783,58.41883098979017,41.58116901020983
Town01_T-Intersection,v_17_2,v_18_1,10,0.001,13.625326781530264,86.37467321846974
Town01_T-Intersection,v_17_2,v_18_1,15,0.001,12.416884521020176,87.58311547897982
Town01_T-Intersection,v_17_2,v_18_1,20,0.001,11.812663390765133,88.18733660923486
Town01_T-Intersection,v_17_2,v_18_1,25,0.001,11.450130712612106,88.54986928738789
Town01_T-Intersection,v_17_2,v_18_1,30,0.001,11.208442260510088,88.79155773948992
Town01_T-Intersection,v_17_2,v_18_1,5,0.001,17.250653563060528,82.74934643693948
Town01_T-Intersection,v_16_6,v_17_5,10,0.001,13.625332236927655,86.37466776307235
Town01_T-Intersection,v_16_6,v_17_5,15,0.001,12.41688815795177,87.58311184204823
Town01_T-Intersection,v_16_6,v_17_5,20,0.001,11.812666118463827,88.18733388153618
Town01_T-Intersection,v_16_6,v_17_5,25,0.001,11.450132894771063,88.54986710522894
Town01_T-Intersection,v_16_6,v_17_5,30,0.001,11.208444078975885,88.79155592102411
Town01_T-Intersection,v_16_6,v_17_5,5,0.001,17.25066447385531,82.74933552614469
Town01_T-Intersection,v_16_6,v_17_4,10,0.001,23.700829721204165,76.29917027879583
Town01_T-Intersection,v_16_6,v_17_4,15,0.001,22.46721981413611,77.53278018586388
Town01_T-Intersection,v_16_6,v_17_4,20,0.001,21.850414860602083,78.14958513939791
Town01_T-Intersection,v_16_6,v_17_4,25,0.001,21.480331888481665,78.51966811151834
Town01_T-Intersection,v_16_6,v_17_4,30,0.001,21.233609907068054,78.76639009293194
Town01_T-Intersection,v_16_6,v_17_4,5,0.001,27.40165944240833,72.59834055759167
Town01_T-Intersection,v_16_6,v_17_6,10,0.001,3.6000006572805328,96.39999934271947
Town01_T-Intersection,v_16_6,v_17_6,15,0.001,2.4000004381870217,97.59999956181298
Town01_T-Intersection,v_16_6,v_17_6,20,0.001,1.8000003286402664,98.19999967135973
Town01_T-Intersection,v_16_6,v_17_6,25,0.001,1.440000262912213,98.5599997370878
Town01_T-Intersection,v_16_6,v_17_6,30,0.001,1.2000002190935108,98.79999978090649
Town01_T-Intersection,v_16_6,v_17_6,5,0.001,7.2000013145610655,92.79999868543894
Town01_T-Intersection,v_16_6,v_17_7,10,0.001,13.625356943850306,86.3746430561497
Town01_T-Intersection,v_16_6,v_17_7,15,0.001,12.416904629233539,87.58309537076646
Town01_T-Intersection,v_16_6,v_17_7,20,0.001,11.812678471925153,88.18732152807485
Town01_T-Intersection,v_16_6,v_17_7,25,0.001,11.450142777540123,88.54985722245988
Town01_T-Intersection,v_16_6,v_17_7,30,0.001,11.20845231461677,88.79154768538324
Town01_T-Intersection,v_16_6,v_17_7,5,0.001,17.250713887700613,82.74928611229939
Town01_T-Intersection,v_16_6,v_17_3,10,0.3745484334835285,33.824984281370895,66.17501571862911
Town01_T-Intersection,v_16_6,v_17_3,15,0.6998663837384309,32.54998952091393,67.45001047908607
Town01_T-Intersection,v_16_6,v_17_3,20,0.8171849672398703,31.912492140685448,68.08750785931456
Town01_T-Intersection,v_16_6,v_17_3,25,0.36875706772978556,31.529993712548357,68.47000628745164
Town01_T-Intersection,v_16_6,v_17_3,30,0.9843367274824147,31.274994760456966,68.72500523954304
Town01_T-Intersection,v_16_6,v_17_3,5,0.840920281608423,37.64996856274179,62.35003143725821
Town01_T-Intersection,v_16_6,v_17_1,10,0.8663648381637724,54.20930566145192,45.79069433854808
Town01_T-Intersection,v_16_6,v_17_1,15,0.9260497679881798,52.80620377430128,47.19379622569872
Town01_T-Intersection,v_16_6,v_17_1,20,0.6787471752833857,52.10465283072596,47.89534716927404
Town01_T-Intersection,v_16_6,v_17_1,25,0.6498425234595746,51.683722264580766,48.316277735419234
Town01_T-Intersection,v_16_6,v_17_1,30,0.12442383033116286,51.40310188715064,48.59689811284936
Town01_T-Intersection,v_16_6,v_17_1,5,0.1960025810849816,58.41861132290384,41.58138867709616
Town01_T-Intersection,v_16_6,v_17_2,10,0.001,43.99545837479792,56.00454162520208
Town01_T-Intersection,v_16_6,v_17_2,15,0.001,42.663638916531944,57.336361083468056
Town01_T-Intersection,v_16_6,v_17_2,20,0.001,41.99772918739896,58.00227081260104
Town01_T-Intersection,v_16_6,v_17_2,25,0.001,41.59818334991917,58.40181665008083
Town01_T-Intersection,v_16_6,v_17_2,30,0.001,41.33181945826597,58.66818054173403
Town01_T-Intersection,v_16_6,v_17_2,5,0.001,47.99091674959583,52.00908325040417
Town01_T-Intersection,v_0_0,v_1_6,10,0.34181370841290887,63.60000001178621,36.39999998821379
Town01_T-Intersection,v_0_0,v_1_6,15,0.5155353998614682,62.40000000785747,37.59999999214253
Town01_T-Intersection,v_0_0,v_1_6,20,0.5348247219668523,61.800000005893104,38.199999994106896
Town01_T-Intersection,v_0_0,v_1_6,25,0.942487656020806,61.440000004714484,38.559999995285516
Town01_T-Intersection,v_0_0,v_1_6,30,0.5085001611155195,61.200000003928736,38.799999996071264
Town01_T-Intersection,v_0_0,v_1_6,5,0.8071626863389308,67.20000002357241,32.799999976427586
Town01_T-Intersection,v_0_0,v_1_7,10,0.001,73.62533854445432,26.374661455545677
Town01_T-Intersection,v_0_0,v_1_7,15,0.001,72.41689236296955,27.58310763703045
Town01_T-Intersection,v_0_0,v_1_7,20,0.001,71.81266927222715,28.187330727772846
Town01_T-Intersection,v_0_0,v_1_7,25,0.001,71.45013541778172,28.549864582218277
Town01_T-Intersection,v_0_0,v_1_7,30,0.001,71.20844618148477,28.791553818515226
Town01_T-Intersection,v_0_0,v_1_7,5,0.001,77.25067708890865,22.749322911091355
Town01_T-Intersection,v_0_0,v_1_5,10,0.93267746328447,53.625349353736745,46.374650646263255
Town01_T-Intersection,v_0_0,v_1_5,15,0.7660584444499489,52.41689956915783,47.58310043084217
Town01_T-Intersection,v_0_0,v_1_5,20,0.5206763516760347,51.81267467686837,48.18732532313163
Town01_T-Intersection,v_0_0,v_1_5,25,0.14302491030819273,51.450139741494695,48.549860258505305
Town01_T-Intersection,v_0_0,v_1_5,30,0.9675880652704004,51.20844978457892,48.79155021542108
Town01_T-Intersection,v_0_0,v_1_5,5,0.3066634893831386,57.25069870747348,42.74930129252652
Town01_T-Intersection,v_0_0,v_1_4,10,0.001,43.700864246166645,56.299135753833355
Town01_T-Intersection,v_0_0,v_1_4,15,0.001,42.467242830777764,57.532757169222236
Town01_T-Intersection,v_0_0,v_1_4,20,0.001,41.85043212308332,58.14956787691668
Town01_T-Intersection,v_0_0,v_1_4,25,0.001,41.48034569846666,58.51965430153334
Town01_T-Intersection,v_0_0,v_1_4,30,0.001,41.23362141538888,58.76637858461112
Town01_T-Intersection,v_0_0,v_1_4,5,0.001,47.40172849233329,52.59827150766671
Town01_T-Intersection,v_0_0,v_1_1,10,0.001,14.209387389277797,85.7906126107222
Town01_T-Intersection,v_0_0,v_1_1,15,0.001,12.80625825951853,87.19374174048147
Town01_T-Intersection,v_0_0,v_1_1,20,0.001,12.104693694638899,87.8953063053611
Town01_T-Intersection,v_0_0,v_1_1,25,0.001,11.68375495571112,88.31624504428888
Town01_T-Intersection,v_0_0,v_1_1,30,0.001,11.403129129759265,88.59687087024074
Town01_T-Intersection,v_0_0,v_1_1,5,0.001,18.418774778555594,81.58122522144441
Town01_T-Intersection,v_0_0,v_1_3,10,0.9362424656507491,33.82503553604168,66.17496446395832
Town01_T-Intersection,v_0_0,v_1_3,15,0.3757573829264984,32.55002369069445,67.44997630930555
Town01_T-Intersection,v_0_0,v_1_3,20,0.2682971251236254,31.91251776802084,68.08748223197915
Town01_T-Intersection,v_0_0,v_1_3,25,0.5269655877175354,31.530014214416674,68.46998578558333
Town01_T-Intersection,v_0_0,v_1_3,30,0.9595733852004016,31.275011845347226,68.72498815465278
Town01_T-Intersection,v_0_0,v_1_3,5,0.9941751773415854,37.650071072083364,62.349928927916636
Town01_T-Intersection,v_0_0,v_1_2,10,0.688727229644334,23.99552542704073,76.00447457295927
Town01_T-Intersection,v_0_0,v_1_2,15,0.7635550446174983,22.663683618027154,77.33631638197285
Town01_T-Intersection,v_0_0,v_1_2,20,0.5944309830426331,21.997762713520366,78.00223728647964
Town01_T-Intersection,v_0_0,v_1_2,25,0.7867498767715774,21.59821017081629,78.40178982918371
Town01_T-Intersection,v_0_0,v_1_2,30,0.16064929715278042,21.331841809013575,78.66815819098642
Town01_T-Intersection,v_0_0,v_1_2,5,0.25595068620543016,27.991050854081458,72.00894914591854
Town01_T-Intersection,v_1_6,v_2_4,10,0.001,23.700849778043082,76.29915022195692
Town01_T-Intersection,v_1_6,v_2_4,15,0.001,22.467233185362055,77.53276681463794
Town01_T-Intersection,v_1_6,v_2_4,20,0.001,21.85042488902154,78.14957511097846
Town01_T-Intersection,v_1_6,v_2_4,25,0.001,21.480339911217232,78.51966008878277
Town01_T-Intersection,v_1_6,v_2_4,30,0.001,21.233616592681027,78.76638340731897
Town01_T-Intersection,v_1_6,v_2_4,5,0.001,27.401699556086164,72.59830044391384
Town01_T-Intersection,v_1_6,v_2_6,10,0.10574588739020929,3.600000012221499,96.3999999877785
Town01_T-Intersection,v_1_6,v_2_6,15,0.41545235223570887,2.4000000081476656,97.59999999185233
Town01_T-Intersection,v_1_6,v_2_6,20,0.8213809209339642,1.8000000061107495,98.19999999388925
Town01_T-Intersection,v_1_6,v_2_6,25,0.25457192493378733,1.4400000048885995,98.5599999951114
Town01_T-Intersection,v_1_6,v_2_6,30,0.42031369397375506,1.2000000040738328,98.79999999592617
Town01_T-Intersection,v_1_6,v_2_6,5,0.6828290015415102,7.200000024442998,92.799999975557
Town01_T-Intersection,v_1_6,v_2_2,10,0.001,43.99549800292516,56.00450199707484
Town01_T-Intersection,v_1_6,v_2_2,15,0.001,42.66366533528344,57.33633466471656
Town01_T-Intersection,v_1_6,v_2_2,20,0.001,41.99774900146258,58.00225099853742
Town01_T-Intersection,v_1_6,v_2_2,25,0.001,41.59819920117006,58.40180079882994
Town01_T-Intersection,v_1_6,v_2_2,30,0.001,41.33183266764172,58.66816733235828
Town01_T-Intersection,v_1_6,v_2_2,5,0.001,47.99099600585032,52.00900399414968
Town01_T-Intersection,v_1_6,v_2_7,10,0.6066475308245667,13.625345882008606,86.3746541179914
Town01_T-Intersection,v_1_6,v_2_7,15,0.6409140246901744,12.416897254672403,87.5831027453276
Town01_T-Intersection,v_1_6,v_2_7,20,0.1700364461290258,11.812672941004303,88.18732705899569
Town01_T-Intersection,v_1_6,v_2_7,25,0.18424146217360482,11.450138352803442,88.54986164719656
Town01_T-Intersection,v_1_6,v_2_7,30,0.7118696782661639,11.208448627336201,88.7915513726638
Town01_T-Intersection,v_1_6,v_2_7,5,0.7002145394317548,17.250691764017212,82.7493082359828
Town01_T-Intersection,v_1_6,v_2_3,10,0.001,33.8250143272171,66.1749856727829
Town01_T-Intersection,v_1_6,v_2_3,15,0.001,32.55000955147806,67.44999044852193
Town01_T-Intersection,v_1_6,v_2_3,20,0.001,31.91250716360855,68.08749283639145
Town01_T-Intersection,v_1_6,v_2_3,25,0.001,31.530005730886838,68.46999426911316
Town01_T-Intersection,v_1_6,v_2_3,30,0.001,31.27500477573903,68.72499522426097
Town01_T-Intersection,v_1_6,v_2_3,5,0.001,37.65002865443419,62.34997134556581
Town01_T-Intersection,v_1_6,v_2_5,10,0.2374772018294628,13.625342017015322,86.37465798298467
Town01_T-Intersection,v_1_6,v_2_5,15,0.5214712819838377,12.416894678010214,87.58310532198979
Town01_T-Intersection,v_1_6,v_2_5,20,0.5826241095059747,11.81267100850766,88.18732899149234
Town01_T-Intersection,v_1_6,v_2_5,25,0.6968168833078742,11.450136806806128,88.54986319319387
Town01_T-Intersection,v_1_6,v_2_5,30,0.9505899746011385,11.208447339005108,88.7915526609949
Town01_T-Intersection,v_1_6,v_2_5,5,0.1323203673557809,17.250684034030645,82.74931596596936
Town01_T-Intersection,v_1_6,v_2_1,10,0.001,54.2093544455055,45.7906455544945
Town01_T-Intersection,v_1_6,v_2_1,15,0.001,52.806236297003665,47.193763702996335
Town01_T-Intersection,v_1_6,v_2_1,20,0.001,52.10467722275275,47.89532277724725
Town01_T-Intersection,v_1_6,v_2_1,25,0.001,51.6837417782022,48.3162582217978
Town01_T-Intersection,v_1_6,v_2_1,30,0.001,51.40311814850183,48.59688185149817
Town01_T-Intersection,v_1_6,v_2_1,5,0.001,58.41870889101099,41.58129110898901
Town01_T-Intersection,v_5_1,v_6_6,10,0.001,54.209347077609074,45.790652922390926
Town01_T-Intersection,v_5_1,v_6_6,15,0.001,52.806231385072714,47.193768614927286
Town01_T-Intersection,v_5_1,v_6_6,20,0.001,52.10467353880453,47.89532646119547
Town01_T-Intersection,v_5_1,v_6_6,25,0.001,51.68373883104363,48.31626116895637
Town01_T-Intersection,v_5_1,v_6_6,30,0.001,51.40311569253636,48.59688430746364
Town01_T-Intersection,v_5_1,v_6_6,5,0.001,58.41869415521815,41.58130584478185
Town01_T-Intersection,v_5_1,v_6_2,10,0.001,13.625318607358086,86.37468139264192
Town01_T-Intersection,v_5_1,v_6_2,15,0.001,12.416879071572057,87.58312092842795
Town01_T-Intersection,v_5_1,v_6_2,20,0.001,11.812659303679043,88.18734069632096
Town01_T-Intersection,v_5_1,v_6_2,25,0.001,11.450127442943234,88.54987255705677
Town01_T-Intersection,v_5_1,v_6_2,30,0.001,11.20843953578603,88.79156046421397
Town01_T-Intersection,v_5_1,v_6_2,5,0.001,17.25063721471617,82.74936278528384
Town01_T-Intersection,v_5_1,v_6_4,10,0.10112541925893036,33.82499936476806,66.17500063523194
Town01_T-Intersection,v_5_1,v_6_4,15,0.892552492825654,32.549999576512036,67.45000042348796
Town01_T-Intersection,v_5_1,v_6_4,20,0.774485771288466,31.91249968238403,68.08750031761596
Town01_T-Intersection,v_5_1,v_6_4,25,0.3518148602196639,31.529999745907222,68.47000025409278
Town01_T-Intersection,v_5_1,v_6_4,30,0.6626246297843809,31.274999788256018,68.72500021174397
Town01_T-Intersection,v_5_1,v_6_4,5,0.29520812777898137,37.649998729536115,62.350001270463885
Town01_T-Intersection,v_5_1,v_6_5,10,0.6132994131128409,43.99548704615354,56.00451295384646
Town01_T-Intersection,v_5_1,v_6_5,15,0.26902170868871267,42.66365803076903,57.33634196923097
Town01_T-Intersection,v_5_1,v_6_5,20,0.3803071329266381,41.99774352307677,58.00225647692323
Town01_T-Intersection,v_5_1,v_6_5,25,0.29683320473104824,41.598194818461415,58.401805181538585
Town01_T-Intersection,v_5_1,v_6_5,30,0.2909450511452299,41.331829015384514,58.668170984615486
Town01_T-Intersection,v_5_1,v_6_5,5,0.6726786177078687,47.99097409230709,52.00902590769291
Town01_T-Intersection,v_5_1,v_6_3,10,0.5516531796794013,23.700830604597954,76.29916939540205
Town01_T-Intersection,v_5_1,v_6_3,15,0.21839902470159167,22.4672204030653,77.5327795969347
Town01_T-Intersection,v_5_1,v_6_3,20,0.9281845685743344,21.850415302298977,78.14958469770102
Town01_T-Intersection,v_5_1,v_6_3,25,0.4564551564113062,21.480332241839182,78.51966775816082
Town01_T-Intersection,v_5_1,v_6_3,30,0.5173263749782604,21.23361020153265,78.76638979846734
Town01_T-Intersection,v_5_1,v_6_3,5,0.4697829932388117,27.401661209195904,72.59833879080409
Town01_T-Intersection,v_5_1,v_6_1,10,0.9394802479374043,3.599972546401385,96.40002745359861
Town01_T-Intersection,v_5_1,v_6_1,15,0.32146268502665254,2.399981697600923,97.60001830239908
Town01_T-Intersection,v_5_1,v_6_1,20,0.49556185052516044,1.7999862732006926,98.20001372679931
Town01_T-Intersection,v_5_1,v_6_1,25,0.10260787987836167,1.439989018560554,98.56001098143945
Town01_T-Intersection,v_5_1,v_6_1,30,0.6747234085000013,1.1999908488004616,98.80000915119953
Town01_T-Intersection,v_5_1,v_6_1,5,0.5218768543029544,7.19994509280277,92.80005490719724
Town01_T-Intersection,v_5_1,v_6_7,10,0.001,64.46326332639025,35.53673667360975
Town01_T-Intersection,v_5_1,v_6_7,15,0.001,62.975508884260165,37.024491115739835
Town01_T-Intersection,v_5_1,v_6_7,20,0.001,62.231631663195124,37.768368336804876
Town01_T-Intersection,v_5_1,v_6_7,25,0.001,61.7853053305561,38.2146946694439
Town01_T-Intersection,v_5_1,v_6_7,30,0.001,61.48775444213008,38.51224555786992
Town01_T-Intersection,v_5_1,v_6_7,5,0.001,68.9265266527805,31.073473347219505
Town01_T-Intersection,v_13_2,v_14_1,10,0.001,14.87459866666899,85.12540133333101
Town01_T-Intersection,v_13_2,v_14_1,15,0.001,13.249732444445993,86.750267555554
Town01_T-Intersection,v_13_2,v_14_1,20,0.001,12.437299333334495,87.5627006666655
Town01_T-Intersection,v_13_2,v_14_1,25,0.001,11.949839466667596,88.0501605333324
Town01_T-Intersection,v_13_2,v_14_1,30,0.001,11.624866222222996,88.37513377777701
Town01_T-Intersection,v_13_2,v_14_1,5,0.001,19.74919733333798,80.25080266666203
Town01_T-Intersection,v_13_2,v_14_2,10,0.6652641841269857,4.609573841974115,95.39042615802589
Town01_T-Intersection,v_13_2,v_14_2,15,0.2679975543514389,3.0730492279827426,96.92695077201726
Town01_T-Intersection,v_13_2,v_14_2,20,0.7089803946978748,2.3047869209870573,97.69521307901294
Town01_T-Intersection,v_13_2,v_14_2,25,0.47767460020285746,1.8438295367896458,98.15617046321036
Town01_T-Intersection,v_13_2,v_14_2,30,0.27937875902097353,1.5365246139913713,98.46347538600862
Town01_T-Intersection,v_13_2,v_14_2,5,0.14772382893997058,9.21914768394823,90.78085231605178
Town01_T-Intersection,v_13_2,v_14_3,10,0.001,14.373416283289764,85.62658371671023
Town01_T-Intersection,v_13_2,v_14_3,15,0.001,12.91561085552651,87.08438914447349
Town01_T-Intersection,v_13_2,v_14_3,20,0.001,12.186708141644882,87.81329185835511
Town01_T-Intersection,v_13_2,v_14_3,25,0.001,11.749366513315906,88.2506334866841
Town01_T-Intersection,v_13_2,v_14_3,30,0.001,11.457805427763255,88.54219457223675
Town01_T-Intersection,v_13_2,v_14_3,5,0.001,18.746832566579528,81.25316743342047
Town01_T-Intersection,v_13_2,v_14_5,10,0.17870887626830378,34.007480581656786,65.99251941834322
Town01_T-Intersection,v_13_2,v_14_5,15,0.25972905925767414,32.671653721104526,67.32834627889548
Town01_T-Intersection,v_13_2,v_14_5,20,0.20379962735959495,32.0037402908284,67.9962597091716
Town01_T-Intersection,v_13_2,v_14_5,25,0.3321284682533641,31.602992232662714,68.39700776733729
Town01_T-Intersection,v_13_2,v_14_5,30,0.6531379387058941,31.335826860552263,68.66417313944774
Town01_T-Intersection,v_13_2,v_14_5,5,0.8632559014746265,38.01496116331357,61.98503883668643
Town01_T-Intersection,v_13_2,v_14_6,10,0.001,43.88894817260286,56.11105182739714
Town01_T-Intersection,v_13_2,v_14_6,15,0.001,42.592632115068575,57.407367884931425
Town01_T-Intersection,v_13_2,v_14_6,20,0.001,41.944474086301426,58.055525913698574
Town01_T-Intersection,v_13_2,v_14_6,25,0.001,41.55557926904115,58.44442073095885
Town01_T-Intersection,v_13_2,v_14_6,30,0.001,41.296316057534284,58.703683942465716
Town01_T-Intersection,v_13_2,v_14_6,5,0.001,47.77789634520572,52.22210365479428
Town01_T-Intersection,v_13_2,v_14_4,10,0.6466937999237569,24.170923973185097,75.8290760268149
Town01_T-Intersection,v_13_2,v_14_4,15,0.2819936661372253,22.780615982123397,77.2193840178766
Town01_T-Intersection,v_13_2,v_14_4,20,0.36720217993302895,22.08546198659255,77.91453801340745
Town01_T-Intersection,v_13_2,v_14_4,25,0.4556221485161298,21.66836958927404,78.33163041072596
Town01_T-Intersection,v_13_2,v_14_4,30,0.3864094302520188,21.3903079910617,78.6096920089383
Town01_T-Intersection,v_13_2,v_14_4,5,0.5318052393102044,28.341847946370194,71.6581520536298
Town01_T-Intersection,v_13_2,v_14_7,10,0.9190713816035408,53.82143173732485,46.17856826267515
Town01_T-Intersection,v_13_2,v_14_7,15,0.33155364334237747,52.547621158216565,47.452378841783435
Town01_T-Intersection,v_13_2,v_14_7,20,0.24479068150417382,51.91071586866242,48.08928413133758
Town01_T-Intersection,v_13_2,v_14_7,25,0.4425066340131302,51.52857269492994,48.47142730507006
Town01_T-Intersection,v_13_2,v_14_7,30,0.9551007333336172,51.273810579108286,48.726189420891714
Town01_T-Intersection,v_13_2,v_14_7,5,0.19829326290131488,57.6428634746497,42.3571365253503
Town01_T-Intersection,v_2_4,v_3_6,10,0.001,23.700858132529397,76.29914186747061
Town01_T-Intersection,v_2_4,v_3_6,15,0.001,22.4672387550196,77.5327612449804
Town01_T-Intersection,v_2_4,v_3_6,20,0.001,21.8504290662647,78.1495709337353
Town01_T-Intersection,v_2_4,v_3_6,25,0.001,21.48034325301176,78.51965674698823
Town01_T-Intersection,v_2_4,v_3_6,30,0.001,21.2336193775098,78.7663806224902
Town01_T-Intersection,v_2_4,v_3_6,5,0.001,27.4017162650588,72.5982837349412
Town01_T-Intersection,v_2_4,v_3_2,10,0.001,23.700848962169406,76.2991510378306
Town01_T-Intersection,v_2_4,v_3_2,15,0.001,22.46723264144627,77.53276735855373
Town01_T-Intersection,v_2_4,v_3_2,20,0.001,21.8504244810847,78.1495755189153
Town01_T-Intersection,v_2_4,v_3_2,25,0.001,21.48033958486776,78.51966041513224
Town01_T-Intersection,v_2_4,v_3_2,30,0.001,21.233616320723137,78.76638367927686
Town01_T-Intersection,v_2_4,v_3_2,5,0.001,27.40169792433881,72.5983020756612
Town01_T-Intersection,v_2_4,v_3_1,10,0.001,33.825012987470615,66.17498701252939
Town01_T-Intersection,v_2_4,v_3_1,15,0.001,32.55000865831374,67.44999134168626
Town01_T-Intersection,v_2_4,v_3_1,20,0.001,31.912506493735307,68.08749350626469
Town01_T-Intersection,v_2_4,v_3_1,25,0.001,31.53000519498825,68.46999480501175
Town01_T-Intersection,v_2_4,v_3_1,30,0.001,31.27500432915687,68.72499567084313
Town01_T-Intersection,v_2_4,v_3_1,5,0.001,37.65002597494124,62.34997402505876
Town01_T-Intersection,v_2_4,v_3_7,10,0.001,33.825026516578255,66.17497348342175
Town01_T-Intersection,v_2_4,v_3_7,15,0.001,32.550017677718834,67.44998232228116
Town01_T-Intersection,v_2_4,v_3_7,20,0.001,31.912513258289128,68.08748674171088
Town01_T-Intersection,v_2_4,v_3_7,25,0.001,31.5300106066313,68.4699893933687
Town01_T-Intersection,v_2_4,v_3_7,30,0.001,31.275008838859417,68.72499116114058
Town01_T-Intersection,v_2_4,v_3_7,5,0.001,37.65005303315651,62.34994696684349
Town01_T-Intersection,v_2_4,v_3_3,10,0.26236918569449186,13.62534163275314,86.37465836724687
Town01_T-Intersection,v_2_4,v_3_3,15,0.29468844685741435,12.416894421835426,87.58310557816458
Town01_T-Intersection,v_2_4,v_3_3,20,0.37068991813926433,11.81267081637657,88.18732918362343
Town01_T-Intersection,v_2_4,v_3_3,25,0.8625156043811272,11.450136653101255,88.54986334689875
Town01_T-Intersection,v_2_4,v_3_3,30,0.41650913132837086,11.208447210917713,88.79155278908229
Town01_T-Intersection,v_2_4,v_3_3,5,0.5352335245911225,17.25068326550628,82.74931673449372
Town01_T-Intersection,v_2_4,v_3_4,10,0.001,3.6000000117725395,96.39999998822746
Town01_T-Intersection,v_2_4,v_3_4,15,0.001,2.4000000078483597,97.59999999215164
Town01_T-Intersection,v_2_4,v_3_4,20,0.001,1.8000000058862697,98.19999999411372
Town01_T-Intersection,v_2_4,v_3_4,25,0.001,1.4400000047090158,98.55999999529098
Town01_T-Intersection,v_2_4,v_3_4,30,0.001,1.2000000039241798,98.79999999607583
Town01_T-Intersection,v_2_4,v_3_4,5,0.001,7.200000023545079,92.79999997645493
Town01_T-Intersection,v_2_4,v_3_5,10,0.7970269998532694,13.625346265302742,86.37465373469726
Town01_T-Intersection,v_2_4,v_3_5,15,0.9448548338618594,12.416897510201828,87.58310248979816
Town01_T-Intersection,v_2_4,v_3_5,20,0.6013900001841859,11.812673132651371,88.18732686734863
Town01_T-Intersection,v_2_4,v_3_5,25,0.6207576104163798,11.450138506121096,88.54986149387891
Town01_T-Intersection,v_2_4,v_3_5,30,0.19600806511495322,11.208448755100914,88.79155124489908
Town01_T-Intersection,v_2_4,v_3_5,5,0.6278259666649622,17.250692530605484,82.74930746939452
Town01_T-Intersection,v_4_2,v_5_1,10,0.001,13.625349353736741,86.37465064626326
Town01_T-Intersection,v_4_2,v_5_1,15,0.001,12.416899569157827,87.58310043084217
Town01_T-Intersection,v_4_2,v_5_1,20,0.001,11.81267467686837,88.18732532313163
Town01_T-Intersection,v_4_2,v_5_1,25,0.001,11.450139741494697,88.5498602585053
Town01_T-Intersection,v_4_2,v_5_1,30,0.001,11.208449784578914,88.79155021542108
Town01_T-Intersection,v_4_2,v_5_1,5,0.001,17.250698707473482,82.74930129252652
Town01_T-Intersection,v_4_2,v_5_2,10,0.8093575318122348,3.6000000117862085,96.39999998821379
Town01_T-Intersection,v_4_2,v_5_2,15,0.4588043461007627,2.4000000078574724,97.59999999214253
Town01_T-Intersection,v_4_2,v_5_2,20,0.298287070097219,1.8000000058931043,98.19999999410689
Town01_T-Intersection,v_4_2,v_5_2,25,0.30791191348548513,1.4400000047144834,98.55999999528552
Town01_T-Intersection,v_4_2,v_5_2,30,0.5886911062239704,1.2000000039287362,98.79999999607126
Town01_T-Intersection,v_4_2,v_5_2,5,0.319498772370969,7.200000023572417,92.79999997642759
Town01_T-Intersection,v_4_2,v_5_4,10,0.001,23.700842848660024,76.29915715133998
Town01_T-Intersection,v_4_2,v_5_4,15,0.001,22.467228565773347,77.53277143422665
Town01_T-Intersection,v_4_2,v_5_4,20,0.001,21.850421424330012,78.14957857566999
Town01_T-Intersection,v_4_2,v_5_4,25,0.001,21.48033713946401,78.51966286053599
Town01_T-Intersection,v_4_2,v_5_4,30,0.001,21.233614282886673,78.76638571711332
Town01_T-Intersection,v_4_2,v_5_4,5,0.001,27.401685697320044,72.59831430267995
Town01_T-Intersection,v_4_2,v_5_5,10,0.001,33.82500396812391,66.17499603187609
Town01_T-Intersection,v_4_2,v_5_5,15,0.001,32.550002645415944,67.44999735458406
Town01_T-Intersection,v_4_2,v_5_5,20,0.001,31.912501984061954,68.08749801593805
Town01_T-Intersection,v_4_2,v_5_5,25,0.001,31.530001587249565,68.46999841275044
Town01_T-Intersection,v_4_2,v_5_5,30,0.001,31.275001322707972,68.72499867729204
Town01_T-Intersection,v_4_2,v_5_5,5,0.001,37.650007936247825,62.349992063752175
Town01_T-Intersection,v_4_2,v_5_6,10,0.6526511343745818,43.99548426035533,56.00451573964467
Town01_T-Intersection,v_4_2,v_5_6,15,0.14564538249503092,42.66365617357022,57.33634382642978
Town01_T-Intersection,v_4_2,v_5_6,20,0.8418000423673621,41.99774213017766,58.00225786982234
Town01_T-Intersection,v_4_2,v_5_6,25,0.3169654883509392,41.59819370414213,58.40180629585787
Town01_T-Intersection,v_4_2,v_5_6,30,0.980687564810525,41.33182808678511,58.66817191321489
Town01_T-Intersection,v_4_2,v_5_6,5,0.5532530266644079,47.99096852071066,52.00903147928934
Town01_T-Intersection,v_4_2,v_5_3,10,0.6917377411902241,13.62533854445432,86.37466145554568
Town01_T-Intersection,v_4_2,v_5_3,15,0.5938845546912186,12.416892362969545,87.58310763703045
Town01_T-Intersection,v_4_2,v_5_3,20,0.3062076942290808,11.81266927222716,88.18733072777285
Town01_T-Intersection,v_4_2,v_5_3,25,0.43406011877811324,11.450135417781727,88.54986458221828
Town01_T-Intersection,v_4_2,v_5_3,30,0.6619551894820775,11.208446181484772,88.79155381851523
Town01_T-Intersection,v_4_2,v_5_3,5,0.17060558148855165,17.25067708890864,82.74932291109135
Town01_T-Intersection,v_4_2,v_5_7,10,0.20208921931357593,54.20933730842257,45.79066269157743
Town01_T-Intersection,v_4_2,v_5_7,15,0.5642077679729525,52.80622487228171,47.19377512771829
Town01_T-Intersection,v_4_2,v_5_7,20,0.3659452493855184,52.10466865421129,47.89533134578871
Town01_T-Intersection,v_4_2,v_5_7,25,0.4548524044821154,51.68373492336903,48.31626507663097
Town01_T-Intersection,v_4_2,v_5_7,30,0.5508999138928791,51.40311243614086,48.59688756385914
Town01_T-Intersection,v_4_2,v_5_7,5,0.6622624427982122,58.41867461684514,41.58132538315486
Town01_T-Intersection,v_3_6,v_4_2,10,0.7628331269075556,43.995520495151844,56.004479504848156
Town01_T-Intersection,v_3_6,v_4_2,15,0.30361355766938014,42.66368033010123,57.33631966989877
Town01_T-Intersection,v_3_6,v_4_2,20,0.7411480205865294,41.997760247575926,58.002239752424074
Town01_T-Intersection,v_3_6,v_4_2,25,0.8218359490272844,41.59820819806074,58.40179180193926
Town01_T-Intersection,v_3_6,v_4_2,30,0.9316447363995198,41.331840165050615,58.668159834949385
Town01_T-Intersection,v_3_6,v_4_2,5,0.4445052762254632,47.99104099030369,52.00895900969631
Town01_T-Intersection,v_3_6,v_4_5,10,0.001,13.625348197840818,86.37465180215918
Town01_T-Intersection,v_3_6,v_4_5,15,0.001,12.416898798560545,87.58310120143946
Town01_T-Intersection,v_3_6,v_4_5,20,0.001,11.812674098920409,88.18732590107959
Town01_T-Intersection,v_3_6,v_4_5,25,0.001,11.450139279136327,88.54986072086368
Town01_T-Intersection,v_3_6,v_4_5,30,0.001,11.208449399280273,88.79155060071973
Town01_T-Intersection,v_3_6,v_4_5,5,0.001,17.250696395681636,82.74930360431836
Town01_T-Intersection,v_3_6,v_4_1,10,0.16958738539874757,54.20938100641388,45.79061899358612
Town01_T-Intersection,v_3_6,v_4_1,15,0.3572490954514189,52.80625400427592,47.19374599572408
Town01_T-Intersection,v_3_6,v_4_1,20,0.46719140517452795,52.10469050320694,47.89530949679306
Town01_T-Intersection,v_3_6,v_4_1,25,0.5748493313247531,51.68375240256555,48.31624759743445
Town01_T-Intersection,v_3_6,v_4_1,30,0.5911449270902552,51.40312700213796,48.59687299786204
Town01_T-Intersection,v_3_6,v_4_1,5,0.8244968862653788,58.418762012827756,41.581237987172244
Town01_T-Intersection,v_3_6,v_4_4,10,0.3468776533155944,23.700861902342552,76.29913809765745
Town01_T-Intersection,v_3_6,v_4_4,15,0.6376523288372403,22.467241268228367,77.53275873177164
Town01_T-Intersection,v_3_6,v_4_4,20,0.13246160502787935,21.850430951171276,78.14956904882872
Town01_T-Intersection,v_3_6,v_4_4,25,0.10976232896568411,21.480344760937022,78.51965523906298
Town01_T-Intersection,v_3_6,v_4_4,30,0.8350294813226362,21.233620634114185,78.76637936588581
Town01_T-Intersection,v_3_6,v_4_4,5,0.6744975715053143,27.401723804685105,72.5982761953149
Town01_T-Intersection,v_3_6,v_4_3,10,0.12190610235344335,33.825031941865134,66.17496805813487
Town01_T-Intersection,v_3_6,v_4_3,15,0.8331745397940561,32.55002129457675,67.44997870542325
Town01_T-Intersection,v_3_6,v_4_3,20,0.28674860965354226,31.912515970932567,68.08748402906744
Town01_T-Intersection,v_3_6,v_4_3,25,0.5324363040711722,31.53001277674605,68.46998722325395
Town01_T-Intersection,v_3_6,v_4_3,30,0.2341654875765368,31.275010647288376,68.72498935271162
Town01_T-Intersection,v_3_6,v_4_3,5,0.8469935209492069,37.65006388373026,62.34993611626974
Town01_T-Intersection,v_3_6,v_4_7,10,0.19915647244161616,13.62533970029791,86.37466029970209
Town01_T-Intersection,v_3_6,v_4_7,15,0.1917239979237887,12.416893133531941,87.58310686646806
Town01_T-Intersection,v_3_6,v_4_7,20,0.6170543136461826,11.812669850148955,88.18733014985105
Town01_T-Intersection,v_3_6,v_4_7,25,0.2851690622262596,11.450135880119165,88.54986411988084
Town01_T-Intersection,v_3_6,v_4_7,30,0.3473941463860405,11.20844656676597,88.79155343323403
Town01_T-Intersection,v_3_6,v_4_7,5,0.2402344117054174,17.25067940059582,82.74932059940417
Town01_T-Intersection,v_3_6,v_4_6,10,0.001,3.6000000117725657,96.39999998822744
Town01_T-Intersection,v_3_6,v_4_6,15,0.001,2.400000007848377,97.59999999215162
Town01_T-Intersection,v_3_6,v_4_6,20,0.001,1.8000000058862828,98.19999999411371
Town01_T-Intersection,v_3_6,v_4_6,25,0.001,1.4400000047090262,98.55999999529098
Town01_T-Intersection,v_3_6,v_4_6,30,0.001,1.2000000039241885,98.79999999607581
Town01_T-Intersection,v_3_6,v_4_6,5,0.001,7.200000023545131,92.79999997645487
Town01_T-Intersection,v_4_5,v_5_1,10,0.001,43.995525427040725,56.004474572959275
Town01_T-Intersection,v_4_5,v_5_1,15,0.001,42.66368361802715,57.33631638197285
Town01_T-Intersection,v_4_5,v_5_1,20,0.001,41.99776271352036,58.00223728647964
Town01_T-Intersection,v_4_5,v_5_1,25,0.001,41.59821017081629,58.40178982918371
Town01_T-Intersection,v_4_5,v_5_1,30,0.001,41.331841809013575,58.668158190986425
Town01_T-Intersection,v_4_5,v_5_1,5,0.001,47.99105085408144,52.00894914591856
Town01_T-Intersection,v_4_5,v_5_2,10,0.6494262687589009,33.82503553604168,66.17496446395832
Town01_T-Intersection,v_4_5,v_5_2,15,0.19511663204268562,32.55002369069445,67.44997630930555
Town01_T-Intersection,v_4_5,v_5_2,20,0.1940404844002415,31.91251776802084,68.08748223197915
Town01_T-Intersection,v_4_5,v_5_2,25,0.9329156598254198,31.530014214416674,68.46998578558333
Town01_T-Intersection,v_4_5,v_5_2,30,0.7287346631318801,31.275011845347226,68.72498815465278
Town01_T-Intersection,v_4_5,v_5_2,5,0.6942235661785036,37.650071072083364,62.349928927916636
Town01_T-Intersection,v_4_5,v_5_4,10,0.7627063983667532,13.625349353736741,86.37465064626326
Town01_T-Intersection,v_4_5,v_5_4,15,0.28743902905314783,12.416899569157827,87.58310043084217
Town01_T-Intersection,v_4_5,v_5_4,20,0.28468934168311155,11.81267467686837,88.18732532313163
Town01_T-Intersection,v_4_5,v_5_4,25,0.406293651981137,11.450139741494697,88.5498602585053
Town01_T-Intersection,v_4_5,v_5_4,30,0.7818316663520888,11.208449784578914,88.79155021542108
Town01_T-Intersection,v_4_5,v_5_4,5,0.9082566506626015,17.250698707473482,82.74930129252652
Town01_T-Intersection,v_4_5,v_5_5,10,0.48299371429923244,3.6000000117861983,96.3999999882138
Town01_T-Intersection,v_4_5,v_5_5,15,0.24968903573457754,2.4000000078574653,97.59999999214253
Town01_T-Intersection,v_4_5,v_5_5,20,0.1234586080379527,1.8000000058930992,98.1999999941069
Town01_T-Intersection,v_4_5,v_5_5,25,0.21320462307081486,1.4400000047144792,98.55999999528552
Town01_T-Intersection,v_4_5,v_5_5,30,0.6081978016178466,1.2000000039287326,98.79999999607126
Town01_T-Intersection,v_4_5,v_5_5,5,0.28682457853838,7.200000023572397,92.7999999764276
Town01_T-Intersection,v_4_5,v_5_6,10,0.29595433581712804,13.62533854445432,86.37466145554568
Town01_T-Intersection,v_4_5,v_5_6,15,0.15821992993667178,12.416892362969545,87.58310763703045
Town01_T-Intersection,v_4_5,v_5_6,20,0.5090218180724392,11.81266927222716,88.18733072777285
Town01_T-Intersection,v_4_5,v_5_6,25,0.8594139984830689,11.450135417781727,88.54986458221828
Town01_T-Intersection,v_4_5,v_5_6,30,0.46520162604781756,11.208446181484772,88.79155381851523
Town01_T-Intersection,v_4_5,v_5_6,5,0.1957254560083561,17.25067708890864,82.74932291109135
Town01_T-Intersection,v_4_5,v_5_3,10,0.4353995448758713,23.70086424616664,76.29913575383335
Town01_T-Intersection,v_4_5,v_5_3,15,0.7793096857241962,22.467242830777757,77.53275716922224
Town01_T-Intersection,v_4_5,v_5_3,20,0.27342458662195696,21.85043212308332,78.14956787691668
Town01_T-Intersection,v_4_5,v_5_3,25,0.5771505875752415,21.480345698466657,78.51965430153334
Town01_T-Intersection,v_4_5,v_5_3,30,0.6989888165094069,21.23362141538888,78.76637858461112
Town01_T-Intersection,v_4_5,v_5_3,5,0.6699611948790059,27.401728492333277,72.59827150766672
Town01_T-Intersection,v_4_5,v_5_7,10,0.001,23.70084284866001,76.29915715133998
Town01_T-Intersection,v_4_5,v_5_7,15,0.001,22.46722856577334,77.53277143422666
Town01_T-Intersection,v_4_5,v_5_7,20,0.001,21.850421424330005,78.14957857566999
Town01_T-Intersection,v_4_5,v_5_7,25,0.001,21.480337139464005,78.51966286053599
Town01_T-Intersection,v_4_5,v_5_7,30,0.001,21.23361428288667,78.76638571711334
Town01_T-Intersection,v_4_5,v_5_7,5,0.001,27.401685697320023,72.59831430267998
Town01_T-Intersection,v_2_6,v_3_6,10,0.8438125638169516,3.6000000117725395,96.39999998822746
Town01_T-Intersection,v_2_6,v_3_6,15,0.8678670544766452,2.4000000078483597,97.59999999215164
Town01_T-Intersection,v_2_6,v_3_6,20,0.2484166229382298,1.8000000058862697,98.19999999411372
Town01_T-Intersection,v_2_6,v_3_6,25,0.824351076428701,1.4400000047090158,98.55999999529098
Town01_T-Intersection,v_2_6,v_3_6,30,0.8040795810900382,1.2000000039241798,98.79999999607583
Town01_T-Intersection,v_2_6,v_3_6,5,0.6715373670948531,7.200000023545079,92.79999997645493
Town01_T-Intersection,v_2_6,v_3_2,10,0.23005531943100585,43.99549602232011,56.00450397767989
Town01_T-Intersection,v_2_6,v_3_2,15,0.7183691236886861,42.66366401488008,57.33633598511992
Town01_T-Intersection,v_2_6,v_3_2,20,0.7218823820077711,41.997748011160056,58.002251988839944
Town01_T-Intersection,v_2_6,v_3_2,25,0.8896853909001047,41.59819840892804,58.40180159107196
Town01_T-Intersection,v_2_6,v_3_2,30,0.7464962432725376,41.331832007440035,58.668167992559965
Town01_T-Intersection,v_2_6,v_3_2,5,0.6619692462948508,47.99099204464022,52.00900795535978
Town01_T-Intersection,v_2_6,v_3_1,10,0.40290609618632256,54.20935161659595,45.79064838340405
Town01_T-Intersection,v_2_6,v_3_1,15,0.470199383578786,52.80623441106397,47.19376558893603
Town01_T-Intersection,v_2_6,v_3_1,20,0.6194101435210072,52.104675808297976,47.895324191702024
Town01_T-Intersection,v_2_6,v_3_1,25,0.8847317029170525,51.68374064663838,48.31625935336162
Town01_T-Intersection,v_2_6,v_3_1,30,0.1959188272280724,51.403117205531984,48.596882794468016
Town01_T-Intersection,v_2_6,v_3_1,5,0.35171817860190424,58.418703233191906,41.581296766808094
Town01_T-Intersection,v_2_6,v_3_7,10,0.6397500899102121,13.625346265302742,86.37465373469726
Town01_T-Intersection,v_2_6,v_3_7,15,0.9517209576867218,12.416897510201828,87.58310248979816
Town01_T-Intersection,v_2_6,v_3_7,20,0.6031008696468482,11.812673132651371,88.18732686734863
Town01_T-Intersection,v_2_6,v_3_7,25,0.3862973232348742,11.450138506121096,88.54986149387891
Town01_T-Intersection,v_2_6,v_3_7,30,0.3074227681748155,11.208448755100914,88.79155124489908
Town01_T-Intersection,v_2_6,v_3_7,5,0.18858860301617242,17.250692530605484,82.74930746939452
Town01_T-Intersection,v_2_6,v_3_3,10,0.001,33.825012987470615,66.17498701252939
Town01_T-Intersection,v_2_6,v_3_3,15,0.001,32.55000865831374,67.44999134168626
Town01_T-Intersection,v_2_6,v_3_3,20,0.001,31.912506493735307,68.08749350626469
Town01_T-Intersection,v_2_6,v_3_3,25,0.001,31.53000519498825,68.46999480501175
Town01_T-Intersection,v_2_6,v_3_3,30,0.001,31.27500432915687,68.72499567084313
Town01_T-Intersection,v_2_6,v_3_3,5,0.001,37.65002597494124,62.34997402505876
Town01_T-Intersection,v_2_6,v_3_4,10,0.001,23.700848962169395,76.2991510378306
Town01_T-Intersection,v_2_6,v_3_4,15,0.001,22.467232641446262,77.53276735855374
Town01_T-Intersection,v_2_6,v_3_4,20,0.001,21.850424481084698,78.1495755189153
Town01_T-Intersection,v_2_6,v_3_4,25,0.001,21.480339584867757,78.51966041513225
Town01_T-Intersection,v_2_6,v_3_4,30,0.001,21.233616320723133,78.76638367927687
Town01_T-Intersection,v_2_6,v_3_4,5,0.001,27.40169792433879,72.59830207566121
Town01_T-Intersection,v_2_6,v_3_5,10,0.001,13.62534163275313,86.37465836724687
Town01_T-Intersection,v_2_6,v_3_5,15,0.001,12.41689442183542,87.58310557816458
Town01_T-Intersection,v_2_6,v_3_5,20,0.001,11.812670816376565,88.18732918362343
Town01_T-Intersection,v_2_6,v_3_5,25,0.001,11.450136653101252,88.54986334689875
Town01_T-Intersection,v_2_6,v_3_5,30,0.001,11.20844721091771,88.79155278908229
Town01_T-Intersection,v_2_6,v_3_5,5,0.001,17.25068326550626,82.74931673449373
Town01_T-Intersection,v_3_2,v_4_2,10,0.001,3.60002198442866,96.39997801557134
Town01_T-Intersection,v_3_2,v_4_2,15,0.001,2.400014656285773,97.59998534371422
Town01_T-Intersection,v_3_2,v_4_2,20,0.001,1.80001099221433,98.19998900778567
Town01_T-Intersection,v_3_2,v_4_2,25,0.001,1.4400087937714638,98.55999120622853
Town01_T-Intersection,v_3_2,v_4_2,30,0.001,1.2000073281428865,98.79999267185711
Town01_T-Intersection,v_3_2,v_4_2,5,0.001,7.20004396885732,92.79995603114268
Town01_T-Intersection,v_3_2,v_4_5,10,0.6155763637830075,33.82502821262938,66.17497178737062
Town01_T-Intersection,v_3_2,v_4_5,15,0.17441145869548896,32.55001880841959,67.4499811915804
Town01_T-Intersection,v_3_2,v_4_5,20,0.6018493166761187,31.91251410631469,68.08748589368531
Town01_T-Intersection,v_3_2,v_4_5,25,0.8366693891015129,31.530011285051753,68.46998871494824
Town01_T-Intersection,v_3_2,v_4_5,30,0.24473475075482606,31.275009404209793,68.7249905957902
Town01_T-Intersection,v_3_2,v_4_5,5,0.6688164536245709,37.650056425258754,62.349943574741246
Town01_T-Intersection,v_3_2,v_4_1,10,0.6492052770238732,13.625370017557008,86.374629982443
Town01_T-Intersection,v_3_2,v_4_1,15,0.44410928015029627,12.416913345038004,87.58308665496199
Town01_T-Intersection,v_3_2,v_4_1,20,0.7640507443314425,11.812685008778505,88.1873149912215
Town01_T-Intersection,v_3_2,v_4_1,25,0.7637875213036761,11.450148007022804,88.5498519929772
Town01_T-Intersection,v_3_2,v_4_1,30,0.8852141255776782,11.208456672519002,88.791543327481
Town01_T-Intersection,v_3_2,v_4_1,5,0.37594831755866376,17.250740035114017,82.74925996488598
Town01_T-Intersection,v_3_2,v_4_4,10,0.39751730733056845,23.700866562844638,76.29913343715536
Town01_T-Intersection,v_3_2,v_4_4,15,0.7798115150004149,22.467244375229757,77.53275562477025
Town01_T-Intersection,v_3_2,v_4_4,20,0.15548209222297654,21.85043328142232,78.14956671857769
Town01_T-Intersection,v_3_2,v_4_4,25,0.5608609457886393,21.480346625137855,78.51965337486214
Town01_T-Intersection,v_3_2,v_4_4,30,0.8434960925144352,21.23362218761488,78.76637781238512
Town01_T-Intersection,v_3_2,v_4_4,5,0.9462914160582415,27.401733125689276,72.59826687431072
Town01_T-Intersection,v_3_2,v_4_3,10,0.001,13.625361520044017,86.37463847995599
Town01_T-Intersection,v_3_2,v_4_3,15,0.001,12.416907680029343,87.58309231997066
Town01_T-Intersection,v_3_2,v_4_3,20,0.001,11.812680760022008,88.187319239978
Town01_T-Intersection,v_3_2,v_4_3,25,0.001,11.450144608017606,88.54985539198239
Town01_T-Intersection,v_3_2,v_4_3,30,0.001,11.208453840014672,88.79154615998533
Town01_T-Intersection,v_3_2,v_4_3,5,0.001,17.250723040088033,82.74927695991197
Town01_T-Intersection,v_3_2,v_4_7,10,0.617556081065743,54.209362251153536,45.790637748846464
Town01_T-Intersection,v_3_2,v_4_7,15,0.15858834589439236,52.806241500769026,47.193758499230974
Town01_T-Intersection,v_3_2,v_4_7,20,0.43345860028840955,52.10468112557677,47.89531887442323
Town01_T-Intersection,v_3_2,v_4_7,25,0.46430569565716473,51.68374490046141,48.31625509953859
Town01_T-Intersection,v_3_2,v_4_7,30,0.7046052983329711,51.40312075038451,48.59687924961549
Town01_T-Intersection,v_3_2,v_4_7,5,0.4174722807052519,58.41872450230707,41.58127549769293
Town01_T-Intersection,v_3_2,v_4_6,10,0.001,43.99550889354888,56.00449110645112
Town01_T-Intersection,v_3_2,v_4_6,15,0.001,42.66367259569925,57.33632740430075
Town01_T-Intersection,v_3_2,v_4_6,20,0.001,41.997754446774444,58.002245553225556
Town01_T-Intersection,v_3_2,v_4_6,25,0.001,41.59820355741955,58.40179644258045
Town01_T-Intersection,v_3_2,v_4_6,30,0.001,41.33183629784963,58.66816370215037
Town01_T-Intersection,v_3_2,v_4_6,5,0.001,47.99101778709777,52.00898221290223
Town01_T-Intersection,v_4_1,v_5_1,10,0.001,3.6000000117862085,96.39999998821379
Town01_T-Intersection,v_4_1,v_5_1,15,0.001,2.4000000078574724,97.59999999214253
Town01_T-Intersection,v_4_1,v_5_1,20,0.001,1.8000000058931043,98.19999999410689
Town01_T-Intersection,v_4_1,v_5_1,25,0.001,1.4400000047144834,98.55999999528552
Town01_T-Intersection,v_4_1,v_5_1,30,0.001,1.2000000039287362,98.79999999607126
Town01_T-Intersection,v_4_1,v_5_1,5,0.001,7.200000023572417,92.79999997642759
Town01_T-Intersection,v_4_1,v_5_2,10,0.001,13.62533854445433,86.37466145554566
Town01_T-Intersection,v_4_1,v_5_2,15,0.001,12.416892362969554,87.58310763703045
Town01_T-Intersection,v_4_1,v_5_2,20,0.001,11.812669272227165,88.18733072777283
Town01_T-Intersection,v_4_1,v_5_2,25,0.001,11.450135417781732,88.54986458221826
Town01_T-Intersection,v_4_1,v_5_2,30,0.001,11.208446181484776,88.79155381851523
Town01_T-Intersection,v_4_1,v_5_2,5,0.001,17.25067708890866,82.74932291109134
Town01_T-Intersection,v_4_1,v_5_4,10,0.8904484416347472,33.82500396812392,66.17499603187608
Town01_T-Intersection,v_4_1,v_5_4,15,0.1018807792554628,32.550002645415944,67.44999735458406
Town01_T-Intersection,v_4_1,v_5_4,20,0.19791886737560266,31.91250198406196,68.08749801593804
Town01_T-Intersection,v_4_1,v_5_4,25,0.8320361485817948,31.53000158724957,68.46999841275043
Town01_T-Intersection,v_4_1,v_5_4,30,0.9504148421606143,31.275001322707972,68.72499867729204
Town01_T-Intersection,v_4_1,v_5_4,5,0.9070054972010414,37.65000793624784,62.34999206375216
Town01_T-Intersection,v_4_1,v_5_5,10,0.834037680047698,43.99548426035533,56.00451573964467
Town01_T-Intersection,v_4_1,v_5_5,15,0.6514177279994222,42.66365617357022,57.33634382642978
Town01_T-Intersection,v_4_1,v_5_5,20,0.775478765882274,41.99774213017766,58.00225786982234
Town01_T-Intersection,v_4_1,v_5_5,25,0.4477710173480446,41.59819370414213,58.40180629585787
Town01_T-Intersection,v_4_1,v_5_5,30,0.3617666238795997,41.33182808678511,58.66817191321489
Town01_T-Intersection,v_4_1,v_5_5,5,0.4473796748983804,47.99096852071066,52.00903147928934
Town01_T-Intersection,v_4_1,v_5_6,10,0.43681202182040135,54.209337308422576,45.790662691577424
Town01_T-Intersection,v_4_1,v_5_6,15,0.9026047195682884,52.80622487228172,47.19377512771828
Town01_T-Intersection,v_4_1,v_5_6,20,0.4417147080177112,52.10466865421129,47.89533134578871
Town01_T-Intersection,v_4_1,v_5_6,25,0.618471059693707,51.68373492336903,48.31626507663097
Town01_T-Intersection,v_4_1,v_5_6,30,0.8380047909846434,51.40311243614086,48.59688756385914
Town01_T-Intersection,v_4_1,v_5_6,5,0.7703937934669818,58.41867461684516,41.58132538315484
Town01_T-Intersection,v_4_1,v_5_3,10,0.001,23.700842848660024,76.29915715133998
Town01_T-Intersection,v_4_1,v_5_3,15,0.001,22.467228565773347,77.53277143422665
Town01_T-Intersection,v_4_1,v_5_3,20,0.001,21.850421424330012,78.14957857566999
Town01_T-Intersection,v_4_1,v_5_3,25,0.001,21.48033713946401,78.51966286053599
Town01_T-Intersection,v_4_1,v_5_3,30,0.001,21.233614282886673,78.76638571711332
Town01_T-Intersection,v_4_1,v_5_3,5,0.001,27.401685697320044,72.59831430267995
Town01_T-Intersection,v_4_1,v_5_7,10,0.1689597806843478,64.46324709669646,35.53675290330354
Town01_T-Intersection,v_4_1,v_5_7,15,0.10401632408290795,62.97549806446431,37.02450193553569
Town01_T-Intersection,v_4_1,v_5_7,20,0.46772137819329673,62.23162354834823,37.76837645165177
Town01_T-Intersection,v_4_1,v_5_7,25,0.5150179060204202,61.785298838678585,38.214701161321415
Town01_T-Intersection,v_4_1,v_5_7,30,0.9263997637204062,61.48774903223215,38.51225096776785
Town01_T-Intersection,v_4_1,v_5_7,5,0.6165932836617232,68.92649419339293,31.073505806607074
Town01_T-Intersection,v_3_1,v_4_2,10,0.001,13.625366974981963,86.37463302501804
Town01_T-Intersection,v_3_1,v_4_2,15,0.001,12.416911316654641,87.58308868334535
Town01_T-Intersection,v_3_1,v_4_2,20,0.001,11.812683487490983,88.18731651250901
Town01_T-Intersection,v_3_1,v_4_2,25,0.001,11.450146789992786,88.54985321000721
Town01_T-Intersection,v_3_1,v_4_2,30,0.001,11.20845565832732,88.79154434167268
Town01_T-Intersection,v_3_1,v_4_2,5,0.001,17.250733949963927,82.74926605003607
Town01_T-Intersection,v_3_1,v_4_5,10,0.001,43.99551381870595,56.00448618129405
Town01_T-Intersection,v_3_1,v_4_5,15,0.001,42.6636758791373,57.3363241208627
Town01_T-Intersection,v_3_1,v_4_5,20,0.001,41.99775690935297,58.00224309064703
Town01_T-Intersection,v_3_1,v_4_5,25,0.001,41.59820552748238,58.40179447251762
Town01_T-Intersection,v_3_1,v_4_5,30,0.001,41.33183793956865,58.66816206043135
Town01_T-Intersection,v_3_1,v_4_5,5,0.001,47.991027637411904,52.008972362588096
Town01_T-Intersection,v_3_1,v_4_1,10,0.9657889287039378,3.600027477592671,96.39997252240732
Town01_T-Intersection,v_3_1,v_4_1,15,0.3370296912971957,2.4000183183951136,97.59998168160489
Town01_T-Intersection,v_3_1,v_4_1,20,0.2906312826044874,1.8000137387963355,98.19998626120366
Town01_T-Intersection,v_3_1,v_4_1,25,0.9678316014391085,1.4400109910370684,98.55998900896293
Town01_T-Intersection,v_3_1,v_4_1,30,0.47980473362684006,1.2000091591975568,98.79999084080244
Town01_T-Intersection,v_3_1,v_4_1,5,0.7815465109571136,7.200054955185342,92.79994504481466
Town01_T-Intersection,v_3_1,v_4_4,10,0.001,33.825033375231406,66.17496662476859
Town01_T-Intersection,v_3_1,v_4_4,15,0.001,32.55002225015427,67.44997774984573
Town01_T-Intersection,v_3_1,v_4_4,20,0.001,31.912516687615703,68.0874833123843
Town01_T-Intersection,v_3_1,v_4_4,25,0.001,31.530013350092563,68.46998664990744
Town01_T-Intersection,v_3_1,v_4_4,30,0.001,31.275011125077135,68.72498887492287
Town01_T-Intersection,v_3_1,v_4_4,5,0.001,37.65006675046281,62.34993324953719
Town01_T-Intersection,v_3_1,v_4_3,10,0.6610223323223231,23.700871905453152,76.29912809454684
Town01_T-Intersection,v_3_1,v_4_3,15,0.22472163491805458,22.467247936968768,77.53275206303124
Town01_T-Intersection,v_3_1,v_4_3,20,0.5526737729673616,21.850435952726574,78.14956404727343
Town01_T-Intersection,v_3_1,v_4_3,25,0.28820146981207967,21.48034876218126,78.51965123781874
Town01_T-Intersection,v_3_1,v_4_3,30,0.4175384903605607,21.233623968484384,78.76637603151562
Town01_T-Intersection,v_3_1,v_4_3,5,0.19599039595360626,27.401743810906304,72.59825618909369
Town01_T-Intersection,v_3_1,v_4_7,10,0.3818378262295553,64.46327665445386,35.536723345546136
Town01_T-Intersection,v_3_1,v_4_7,15,0.5908685911165493,62.975517769635914,37.024482230364086
Town01_T-Intersection,v_3_1,v_4_7,20,0.22613813737615288,62.23163832722693,37.76836167277307
Town01_T-Intersection,v_3_1,v_4_7,25,0.5146030261363405,61.785310661781544,38.214689338218456
Town01_T-Intersection,v_3_1,v_4_7,30,0.1495109596333451,61.48775888481796,38.51224111518204
Town01_T-Intersection,v_3_1,v_4_7,5,0.19267664047736208,68.92655330890774,31.073446691092258
Town01_T-Intersection,v_3_1,v_4_6,10,0.2849142025828099,54.20936688856695,45.79063311143305
Town01_T-Intersection,v_3_1,v_4_6,15,0.5090065591127574,52.806244592377965,47.193755407622035
Town01_T-Intersection,v_3_1,v_4_6,20,0.671715211006949,52.104683444283474,47.895316555716526
Town01_T-Intersection,v_3_1,v_4_6,25,0.721198505748399,51.68374675542678,48.31625324457322
Town01_T-Intersection,v_3_1,v_4_6,30,0.9229563810306161,51.40312229618898,48.59687770381102
Town01_T-Intersection,v_3_1,v_4_6,5,0.8883959163221438,58.418733777133895,41.581266222866105
Town01_T-Intersection,v_1_7,v_2_4,10,0.41997154128576064,33.82501948980562,66.17498051019439
Town01_T-Intersection,v_1_7,v_2_4,15,0.6428039131241909,32.55001299320375,67.44998700679625
Town01_T-Intersection,v_1_7,v_2_4,20,0.41025564203154186,31.91250974490281,68.0874902550972
Town01_T-Intersection,v_1_7,v_2_4,25,0.2204449606886612,31.53000779592225,68.46999220407776
Town01_T-Intersection,v_1_7,v_2_4,30,0.15977990898111283,31.275006496601875,68.72499350339812
Town01_T-Intersection,v_1_7,v_2_4,5,0.6114678249350322,37.650038979611246,62.349961020388754
Town01_T-Intersection,v_1_7,v_2_6,10,0.5454709628631188,13.62534747194736,86.37465252805264
Town01_T-Intersection,v_1_7,v_2_6,15,0.8926178140547568,12.416898314631574,87.58310168536843
Town01_T-Intersection,v_1_7,v_2_6,20,0.43447866823826475,11.81267373597368,88.18732626402632
Town01_T-Intersection,v_1_7,v_2_6,25,0.8093778499715282,11.450138988778944,88.54986101122105
Town01_T-Intersection,v_1_7,v_2_6,30,0.6838095980798766,11.208449157315787,88.79155084268422
Town01_T-Intersection,v_1_7,v_2_6,5,0.23129685112394938,17.25069494389472,82.74930505610527
Town01_T-Intersection,v_1_7,v_2_2,10,0.001,54.209359077693634,45.790640922306366
Town01_T-Intersection,v_1_7,v_2_2,15,0.001,52.80623938512909,47.19376061487091
Town01_T-Intersection,v_1_7,v_2_2,20,0.001,52.10467953884682,47.89532046115318
Town01_T-Intersection,v_1_7,v_2_2,25,0.001,51.683743631077455,48.316256368922545
Town01_T-Intersection,v_1_7,v_2_2,30,0.001,51.403119692564545,48.596880307435455
Town01_T-Intersection,v_1_7,v_2_2,5,0.001,58.418718155387275,41.581281844612725
Town01_T-Intersection,v_1_7,v_2_7,10,0.001,3.600005505385528,96.39999449461448
Town01_T-Intersection,v_1_7,v_2_7,15,0.001,2.4000036702570187,97.59999632974298
Town01_T-Intersection,v_1_7,v_2_7,20,0.001,1.800002752692764,98.19999724730724
Town01_T-Intersection,v_1_7,v_2_7,25,0.001,1.4400022021542112,98.5599977978458
Town01_T-Intersection,v_1_7,v_2_7,30,0.001,1.2000018351285093,98.7999981648715
Town01_T-Intersection,v_1_7,v_2_7,5,0.001,7.200011010771056,92.79998898922895
Town01_T-Intersection,v_1_7,v_2_3,10,0.001,43.99550293517448,56.00449706482552
Town01_T-Intersection,v_1_7,v_2_3,15,0.001,42.66366862344965,57.33633137655035
Town01_T-Intersection,v_1_7,v_2_3,20,0.001,41.997751467587236,58.002248532412764
Town01_T-Intersection,v_1_7,v_2_3,25,0.001,41.59820117406979,58.40179882593021
Town01_T-Intersection,v_1_7,v_2_3,30,0.001,41.331834311724826,58.668165688275174
Town01_T-Intersection,v_1_7,v_2_3,5,0.001,47.99100587034896,52.00899412965104
Town01_T-Intersection,v_1_7,v_2_5,10,0.3627168787142656,23.70085512063939,76.29914487936061
Town01_T-Intersection,v_1_7,v_2_5,15,0.4526666922090202,22.467236747092926,77.53276325290707
Town01_T-Intersection,v_1_7,v_2_5,20,0.8089040190243009,21.850427560319694,78.1495724396803
Town01_T-Intersection,v_1_7,v_2_5,25,0.507089919004675,21.480342048255757,78.51965795174425
Town01_T-Intersection,v_1_7,v_2_5,30,0.2304106468598509,21.233618373546463,78.76638162645354
Town01_T-Intersection,v_1_7,v_2_5,5,0.6903145305504997,27.401710241278778,72.59828975872122
Town01_T-Intersection,v_1_7,v_2_1,10,0.001,64.46327185487034,35.53672814512966
Town01_T-Intersection,v_1_7,v_2_1,15,0.001,62.975514569913564,37.024485430086436
Town01_T-Intersection,v_1_7,v_2_1,20,0.001,62.23163592743517,37.76836407256483
Town01_T-Intersection,v_1_7,v_2_1,25,0.001,61.785308741948135,38.214691258051865
Town01_T-Intersection,v_1_7,v_2_1,30,0.001,61.48775728495678,38.51224271504322
Town01_T-Intersection,v_1_7,v_2_1,5,0.001,68.92654370974068,31.073456290259315
Town01_T-Intersection,v_2_2,v_3_6,10,0.5840956237163579,43.995513665175466,56.004486334824534
Town01_T-Intersection,v_2_2,v_3_6,15,0.783552727070645,42.66367577678364,57.33632422321636
Town01_T-Intersection,v_2_2,v_3_6,20,0.6401001889394998,41.99775683258773,58.00224316741227
Town01_T-Intersection,v_2_2,v_3_6,25,0.657564763292934,41.59820546607018,58.40179453392982
Town01_T-Intersection,v_2_2,v_3_6,30,0.4674034070654518,41.331837888391824,58.668162111608176
Town01_T-Intersection,v_2_2,v_3_6,5,0.22126429772944986,47.991027330350924,52.008972669649076
Town01_T-Intersection,v_2_2,v_3_2,10,0.001,3.60000001177256,96.39999998822744
Town01_T-Intersection,v_2_2,v_3_2,15,0.001,2.400000007848373,97.59999999215162
Town01_T-Intersection,v_2_2,v_3_2,20,0.001,1.80000000588628,98.19999999411372
Town01_T-Intersection,v_2_2,v_3_2,25,0.001,1.440000004709024,98.55999999529098
Town01_T-Intersection,v_2_2,v_3_2,30,0.001,1.2000000039241865,98.79999999607581
Town01_T-Intersection,v_2_2,v_3_2,5,0.001,7.20000002354512,92.79999997645488
Town01_T-Intersection,v_2_2,v_3_1,10,0.29127257167786164,13.62534163275314,86.37465836724687
Town01_T-Intersection,v_2_2,v_3_1,15,0.41770106148581576,12.416894421835426,87.58310557816458
Town01_T-Intersection,v_2_2,v_3_1,20,0.5666039921408402,11.81267081637657,88.18732918362343
Town01_T-Intersection,v_2_2,v_3_1,25,0.3530068087973881,11.450136653101255,88.54986334689875
Town01_T-Intersection,v_2_2,v_3_1,30,0.1819962490467861,11.208447210917713,88.79155278908229
Town01_T-Intersection,v_2_2,v_3_1,5,0.4047305252753408,17.25068326550628,82.74931673449372
Town01_T-Intersection,v_2_2,v_3_7,10,0.001,54.20937307982626,45.79062692017374
Town01_T-Intersection,v_2_2,v_3_7,15,0.001,52.806248719884174,47.193751280115826
Town01_T-Intersection,v_2_2,v_3_7,20,0.001,52.10468653991313,47.89531346008687
Town01_T-Intersection,v_2_2,v_3_7,25,0.001,51.683749231930506,48.316250768069494
Town01_T-Intersection,v_2_2,v_3_7,30,0.001,51.40312435994208,48.59687564005792
Town01_T-Intersection,v_2_2,v_3_7,5,0.001,58.418746159652514,41.581253840347486
Town01_T-Intersection,v_2_2,v_3_3,10,0.42696042899331155,13.62534626530275,86.37465373469725
Town01_T-Intersection,v_2_2,v_3_3,15,0.1457497014315407,12.416897510201833,87.58310248979816
Town01_T-Intersection,v_2_2,v_3_3,20,0.7313767308029755,11.812673132651376,88.18732686734862
Town01_T-Intersection,v_2_2,v_3_3,25,0.7912668628773276,11.4501385061211,88.5498614938789
Town01_T-Intersection,v_2_2,v_3_3,30,0.15883319657761183,11.208448755100918,88.79155124489908
Town01_T-Intersection,v_2_2,v_3_3,5,0.6249767596342071,17.2506925306055,82.7493074693945
Town01_T-Intersection,v_2_2,v_3_4,10,0.001,23.700858132529397,76.29914186747061
Town01_T-Intersection,v_2_2,v_3_4,15,0.001,22.4672387550196,77.5327612449804
Town01_T-Intersection,v_2_2,v_3_4,20,0.001,21.8504290662647,78.1495709337353
Town01_T-Intersection,v_2_2,v_3_4,25,0.001,21.48034325301176,78.51965674698823
Town01_T-Intersection,v_2_2,v_3_4,30,0.001,21.2336193775098,78.7663806224902
Town01_T-Intersection,v_2_2,v_3_4,5,0.001,27.4017162650588,72.5982837349412
Town01_T-Intersection,v_2_2,v_3_5,10,0.9177432416029688,33.825026516578255,66.17497348342175
Town01_T-Intersection,v_2_2,v_3_5,15,0.25043728345620897,32.550017677718834,67.44998232228116
Town01_T-Intersection,v_2_2,v_3_5,20,0.24889706530866332,31.912513258289128,68.08748674171088
Town01_T-Intersection,v_2_2,v_3_5,25,0.6241735740875762,31.5300106066313,68.4699893933687
Town01_T-Intersection,v_2_2,v_3_5,30,0.2652271874041934,31.275008838859417,68.72499116114058
Town01_T-Intersection,v_2_2,v_3_5,5,0.7495220316415753,37.65005303315651,62.34994696684349
Town01_T-Intersection,v_1_5,v_2_4,10,0.001,13.625336562083842,86.37466343791615
Town01_T-Intersection,v_1_5,v_2_4,15,0.001,12.416891041389228,87.58310895861078
Town01_T-Intersection,v_1_5,v_2_4,20,0.001,11.81266828104192,88.18733171895808
Town01_T-Intersection,v_1_5,v_2_4,25,0.001,11.450134624833536,88.54986537516646
Town01_T-Intersection,v_1_5,v_2_4,30,0.001,11.208445520694614,88.79155447930539
Town01_T-Intersection,v_1_5,v_2_4,5,0.001,17.250673124167683,82.74932687583231
Town01_T-Intersection,v_1_5,v_2_6,10,0.8432442265394791,13.625340427077374,86.37465957292262
Town01_T-Intersection,v_1_5,v_2_6,15,0.1659106261143869,12.416893618051581,87.58310638194843
Town01_T-Intersection,v_1_5,v_2_6,20,0.4743141787795281,11.812670213538688,88.1873297864613
Town01_T-Intersection,v_1_5,v_2_6,25,0.18201149151771134,11.45013617083095,88.54986382916906
Town01_T-Intersection,v_1_5,v_2_6,30,0.3557183866499859,11.20844680902579,88.79155319097421
Town01_T-Intersection,v_1_5,v_2_6,5,0.3232771011935447,17.250680854154748,82.74931914584525
Town01_T-Intersection,v_1_5,v_2_2,10,0.45146074155381455,33.825009164629535,66.17499083537047
Town01_T-Intersection,v_1_5,v_2_2,15,0.7259844788877843,32.55000610975302,67.44999389024699
Town01_T-Intersection,v_1_5,v_2_2,20,0.5223839100953885,31.912504582314767,68.08749541768523
Town01_T-Intersection,v_1_5,v_2_2,25,0.32071091572433186,31.53000366585181,68.46999633414819
Town01_T-Intersection,v_1_5,v_2_2,30,0.9823035430681178,31.27500305487651,68.7249969451235
Town01_T-Intersection,v_1_5,v_2_2,5,0.6638444465766972,37.65001832925907,62.34998167074093
Town01_T-Intersection,v_1_5,v_2_7,10,0.38182263829578145,23.700851974998468,76.29914802500153
Town01_T-Intersection,v_1_5,v_2_7,15,0.2835274228842533,22.46723464999898,77.53276535000103
Town01_T-Intersection,v_1_5,v_2_7,20,0.10064789188444515,21.850425987499232,78.14957401250076
Town01_T-Intersection,v_1_5,v_2_7,25,0.8777004761710699,21.48034078999939,78.51965921000061
Town01_T-Intersection,v_1_5,v_2_7,30,0.7762666022254249,21.23361732499949,78.76638267500051
Town01_T-Intersection,v_1_5,v_2_7,5,0.6637957442225862,27.401703949996936,72.59829605000306
Town01_T-Intersection,v_1_5,v_2_3,10,0.37144988096446807,23.70084443544813,76.29915556455187
Town01_T-Intersection,v_1_5,v_2_3,15,0.17191892005475573,22.467229623632086,77.53277037636792
Town01_T-Intersection,v_1_5,v_2_3,20,0.18012885374837476,21.850422217724066,78.14957778227594
Town01_T-Intersection,v_1_5,v_2_3,25,0.8916104912049856,21.48033777417925,78.51966222582075
Town01_T-Intersection,v_1_5,v_2_3,30,0.6191490177939833,21.233614811816043,78.76638518818396
Town01_T-Intersection,v_1_5,v_2_3,5,0.291200912910925,27.401688870896262,72.59831112910373
Town01_T-Intersection,v_1_5,v_2_5,10,0.9359944891654343,3.599994519057476,96.40000548094253
Town01_T-Intersection,v_1_5,v_2_5,15,0.8004149460976784,2.399996346038317,97.60000365396168
Town01_T-Intersection,v_1_5,v_2_5,20,0.9039038499211203,1.799997259528738,98.20000274047126
Town01_T-Intersection,v_1_5,v_2_5,25,0.53867746378,1.4399978076229902,98.56000219237701
Town01_T-Intersection,v_1_5,v_2_5,30,0.880642631697234,1.1999981730191585,98.80000182698085
Town01_T-Intersection,v_1_5,v_2_5,5,0.7125839065515575,7.199989038114952,92.80001096188505
Town01_T-Intersection,v_1_5,v_2_1,10,0.53800900327263,43.99549307430239,56.00450692569761
Town01_T-Intersection,v_1_5,v_2_1,15,0.29963563151893335,42.66366204953492,57.33633795046508
Town01_T-Intersection,v_1_5,v_2_1,20,0.9670836437545204,41.997746537151194,58.002253462848806
Town01_T-Intersection,v_1_5,v_2_1,25,0.12319364271533083,41.59819722972095,58.40180277027905
Town01_T-Intersection,v_1_5,v_2_1,30,0.13630120409412683,41.33183102476746,58.66816897523254
Town01_T-Intersection,v_1_5,v_2_1,5,0.9604639644505202,47.99098614860477,52.00901385139523
Town01_T-Intersection,v_3_7,v_4_2,10,0.21986167189168826,54.20937636416086,45.79062363583914
Town01_T-Intersection,v_3_7,v_4_2,15,0.5024682655794735,52.80625090944057,47.19374909055943
Town01_T-Intersection,v_3_7,v_4_2,20,0.41176968002865544,52.10468818208043,47.89531181791957
Town01_T-Intersection,v_3_7,v_4_2,25,0.32744069648850205,51.683750545664346,48.316249454335654
Town01_T-Intersection,v_3_7,v_4_2,30,0.6063037289461072,51.40312545472029,48.59687454527971
Town01_T-Intersection,v_3_7,v_4_2,5,0.4432654191535801,58.418752728321714,41.581247271678286
Town01_T-Intersection,v_3_7,v_4_5,10,0.7487536536850806,23.700856559746065,76.29914344025394
Town01_T-Intersection,v_3_7,v_4_5,15,0.11530288796915483,22.467237706497375,77.53276229350263
Town01_T-Intersection,v_3_7,v_4_5,20,0.2537464621201674,21.850428279873032,78.14957172012697
Town01_T-Intersection,v_3_7,v_4_5,25,0.37571111604411145,21.480342623898427,78.51965737610158
Town01_T-Intersection,v_3_7,v_4_5,30,0.7700580670717214,21.23361885324869,78.76638114675131
Town01_T-Intersection,v_3_7,v_4_5,5,0.7478926805069116,27.40171311949213,72.59828688050787
Town01_T-Intersection,v_3_7,v_4_1,10,0.4619075683701702,64.46329310074346,35.536706899256544
Town01_T-Intersection,v_3_7,v_4_1,15,0.7768733777616783,62.975528733828966,37.024471266171034
Town01_T-Intersection,v_3_7,v_4_1,20,0.731553089774541,62.23164655037173,37.76835344962827
Town01_T-Intersection,v_3_7,v_4_1,25,0.9322044439479905,61.78531724029738,38.21468275970262
Town01_T-Intersection,v_3_7,v_4_1,30,0.4878083186251756,61.48776436691448,38.51223563308552
Town01_T-Intersection,v_3_7,v_4_1,5,0.5538875470130262,68.92658620148691,31.073413798513087
Town01_T-Intersection,v_3_7,v_4_4,10,0.928197540110024,33.82502677927772,66.17497322072228
Town01_T-Intersection,v_3_7,v_4_4,15,0.6832345507890896,32.55001785285181,67.44998214714819
Town01_T-Intersection,v_3_7,v_4_4,20,0.7804250482516129,31.91251338963886,68.08748661036114
Town01_T-Intersection,v_3_7,v_4_4,25,0.599068516416447,31.530010711711085,68.46998928828891
Town01_T-Intersection,v_3_7,v_4_4,30,0.5409458150803391,31.275008926425905,68.7249910735741
Town01_T-Intersection,v_3_7,v_4_4,5,0.5822016176896866,37.650053558555435,62.349946441444565
Town01_T-Intersection,v_3_7,v_4_3,10,0.14283414530065405,43.99551557054013,56.00448442945987
Town01_T-Intersection,v_3_7,v_4_3,15,0.6681804006421396,42.66367704702675,57.33632295297325
Town01_T-Intersection,v_3_7,v_4_3,20,0.5426314793161982,41.99775778527006,58.00224221472994
Town01_T-Intersection,v_3_7,v_4_3,25,0.6853371964563861,41.59820622821605,58.40179377178395
Town01_T-Intersection,v_3_7,v_4_3,30,0.1181734519307111,41.331838523513376,58.668161476486624
Town01_T-Intersection,v_3_7,v_4_3,5,0.751523422017906,47.991031141080256,52.008968858919744
Town01_T-Intersection,v_3_7,v_4_7,10,0.001,3.599994518608534,96.40000548139146
Town01_T-Intersection,v_3_7,v_4_7,15,0.001,2.3999963457390225,97.60000365426097
Town01_T-Intersection,v_3_7,v_4_7,20,0.001,1.799997259304267,98.20000274069574
Town01_T-Intersection,v_3_7,v_4_7,25,0.001,1.4399978074434134,98.56000219255658
Town01_T-Intersection,v_3_7,v_4_7,30,0.001,1.1999981728695113,98.80000182713049
Town01_T-Intersection,v_3_7,v_4_7,5,0.001,7.199989037217068,92.80001096278293
Town01_T-Intersection,v_3_7,v_4_6,10,0.47358696774810216,13.625342742913183,86.37465725708682
Town01_T-Intersection,v_3_7,v_4_6,15,0.5984972489030476,12.416895161942122,87.58310483805788
Town01_T-Intersection,v_3_7,v_4_6,20,0.11503122977954694,11.812671371456592,88.18732862854341
Town01_T-Intersection,v_3_7,v_4_6,25,0.2664384996171538,11.450137097165273,88.54986290283473
Town01_T-Intersection,v_3_7,v_4_6,30,0.2729952627593266,11.208447580971061,88.79155241902893
Town01_T-Intersection,v_3_7,v_4_6,5,0.9254655153501635,17.250685485826367,82.74931451417363
Town01_T-Intersection,v_3_3,v_4_2,10,0.001,13.625364562627105,86.37463543737289
Town01_T-Intersection,v_3_3,v_4_2,15,0.001,12.416909708418071,87.58309029158193
Town01_T-Intersection,v_3_3,v_4_2,20,0.001,11.812682281313553,88.18731771868644
Town01_T-Intersection,v_3_3,v_4_2,25,0.001,11.450145825050843,88.54985417494916
Town01_T-Intersection,v_3_3,v_4_2,30,0.001,11.208454854209036,88.79154514579096
Town01_T-Intersection,v_3_3,v_4_2,5,0.001,17.25072912525421,82.74927087474579
Town01_T-Intersection,v_3_3,v_4_5,10,0.7755533593834315,23.700861220237446,76.29913877976256
Town01_T-Intersection,v_3_3,v_4_5,15,0.938820709096015,22.467240813491628,77.53275918650837
Town01_T-Intersection,v_3_3,v_4_5,20,0.6363170003998566,21.85043061011872,78.14956938988128
Town01_T-Intersection,v_3_3,v_4_5,25,0.46503179737676703,21.48034448809498,78.51965551190503
Town01_T-Intersection,v_3_3,v_4_5,30,0.3300781282878016,21.233620406745814,78.76637959325419
Town01_T-Intersection,v_3_3,v_4_5,5,0.4351832667332902,27.40172244047489,72.59827755952512
Town01_T-Intersection,v_3_3,v_4_1,10,0.001,23.70087793013989,76.29912206986012
Town01_T-Intersection,v_3_3,v_4_1,15,0.001,22.46725195342659,77.5327480465734
Town01_T-Intersection,v_3_3,v_4_1,20,0.001,21.850438965069944,78.14956103493006
Town01_T-Intersection,v_3_3,v_4_1,25,0.001,21.480351172055954,78.51964882794405
Town01_T-Intersection,v_3_3,v_4_1,30,0.001,21.233625976713295,78.7663740232867
Town01_T-Intersection,v_3_3,v_4_1,5,0.001,27.401755860279774,72.59824413972022
Town01_T-Intersection,v_3_3,v_4_4,10,0.9594241563007544,13.62535606510663,86.37464393489337
Town01_T-Intersection,v_3_3,v_4_4,15,0.7080170645848454,12.416904043404418,87.58309595659559
Town01_T-Intersection,v_3_3,v_4_4,20,0.6309114677355977,11.812678032553315,88.18732196744668
Town01_T-Intersection,v_3_3,v_4_4,25,0.2657782157478287,11.450142426042651,88.54985757395735
Town01_T-Intersection,v_3_3,v_4_4,30,0.4898676314497963,11.20845202170221,88.79154797829779
Town01_T-Intersection,v_3_3,v_4_4,5,0.6033313394253428,17.25071213021326,82.74928786978674
Town01_T-Intersection,v_3_3,v_4_3,10,0.001,3.600016491264639,96.39998350873536
Town01_T-Intersection,v_3_3,v_4_3,15,0.001,2.4000109941764256,97.59998900582357
Town01_T-Intersection,v_3_3,v_4_3,20,0.001,1.8000082456323194,98.19999175436769
Town01_T-Intersection,v_3_3,v_4_3,25,0.001,1.4400065965058555,98.55999340349415
Town01_T-Intersection,v_3_3,v_4_3,30,0.001,1.2000054970882128,98.79999450291179
Town01_T-Intersection,v_3_3,v_4_3,5,0.001,7.200032982529278,92.79996701747072
Town01_T-Intersection,v_3_3,v_4_7,10,0.001,43.99550396731522,56.00449603268478
Town01_T-Intersection,v_3_3,v_4_7,15,0.001,42.66366931154348,57.33633068845652
Town01_T-Intersection,v_3_3,v_4_7,20,0.001,41.99775198365761,58.00224801634239
Town01_T-Intersection,v_3_3,v_4_7,25,0.001,41.59820158692609,58.40179841307391
Town01_T-Intersection,v_3_3,v_4_7,30,0.001,41.33183465577174,58.66816534422826
Town01_T-Intersection,v_3_3,v_4_7,5,0.001,47.99100793463044,52.00899206536956
Town01_T-Intersection,v_3_3,v_4_6,10,0.3033312330713648,33.82502305002832,66.17497694997168
Town01_T-Intersection,v_3_3,v_4_6,15,0.9857071348509258,32.55001536668554,67.44998463331446
Town01_T-Intersection,v_3_3,v_4_6,20,0.29344797011644075,31.91251152501416,68.08748847498583
Town01_T-Intersection,v_3_3,v_4_6,25,0.1703476008640994,31.530009220011326,68.46999077998868
Town01_T-Intersection,v_3_3,v_4_6,30,0.6849907894496068,31.27500768334277,68.72499231665722
Town01_T-Intersection,v_3_3,v_4_6,5,0.9866364248515289,37.650046100056635,62.349953899943365
Town01_T-Intersection,v_13_1,v_14_1,10,0.001,5.06428950320022,94.93571049679979
Town01_T-Intersection,v_13_1,v_14_1,15,0.001,3.3761930021334794,96.62380699786652
Town01_T-Intersection,v_13_1,v_14_1,20,0.001,2.53214475160011,97.46785524839989
Town01_T-Intersection,v_13_1,v_14_1,25,0.001,2.0257158012800875,97.97428419871991
Town01_T-Intersection,v_13_1,v_14_1,30,0.001,1.6880965010667397,98.31190349893326
Town01_T-Intersection,v_13_1,v_14_1,5,0.001,10.12857900640044,89.87142099359956
Town01_T-Intersection,v_13_1,v_14_2,10,0.2534587438350314,14.82887968948091,85.17112031051909
Town01_T-Intersection,v_13_1,v_14_2,15,0.10333949487670072,13.219253126320606,86.78074687367939
Town01_T-Intersection,v_13_1,v_14_2,20,0.6403853735806945,12.414439844740455,87.58556015525954
Town01_T-Intersection,v_13_1,v_14_2,25,0.6573922681707924,11.931551875792364,88.06844812420763
Town01_T-Intersection,v_13_1,v_14_2,30,0.3581322953843774,11.609626563160303,88.3903734368397
Town01_T-Intersection,v_13_1,v_14_2,5,0.2294302597835211,19.65775937896182,80.34224062103817
Town01_T-Intersection,v_13_1,v_14_3,10,0.001,24.623897202121164,75.37610279787884
Town01_T-Intersection,v_13_1,v_14_3,15,0.001,23.082598134747442,76.91740186525256
Town01_T-Intersection,v_13_1,v_14_3,20,0.001,22.311948601060582,77.68805139893942
Town01_T-Intersection,v_13_1,v_14_3,25,0.001,21.849558880848466,78.15044111915154
Town01_T-Intersection,v_13_1,v_14_3,30,0.001,21.54129906737372,78.45870093262627
Town01_T-Intersection,v_13_1,v_14_3,5,0.001,29.24779440424233,70.75220559575767
Town01_T-Intersection,v_13_1,v_14_5,10,0.7043216519034883,44.32320376987742,55.67679623012258
Town01_T-Intersection,v_13_1,v_14_5,15,0.7792588339602421,42.88213584658495,57.11786415341505
Town01_T-Intersection,v_13_1,v_14_5,20,0.4267037414816224,42.16160188493871,57.83839811506129
Town01_T-Intersection,v_13_1,v_14_5,25,0.39278945576279345,41.72928150795097,58.27071849204903
Town01_T-Intersection,v_13_1,v_14_5,30,0.5804266717061553,41.44106792329247,58.55893207670753
Town01_T-Intersection,v_13_1,v_14_5,5,0.7550363911453971,48.64640753975485,51.35359246024515
Town01_T-Intersection,v_13_1,v_14_6,10,0.001,54.237274063985474,45.762725936014526
Town01_T-Intersection,v_13_1,v_14_6,15,0.001,52.82484937599032,47.17515062400968
Town01_T-Intersection,v_13_1,v_14_6,20,0.001,52.11863703199274,47.88136296800726
Town01_T-Intersection,v_13_1,v_14_6,25,0.001,51.69490962559419,48.30509037440581
Town01_T-Intersection,v_13_1,v_14_6,30,0.001,51.412424687995156,48.587575312004844
Town01_T-Intersection,v_13_1,v_14_6,5,0.001,58.474548127970955,41.525451872029045
Town01_T-Intersection,v_13_1,v_14_4,10,0.001,34.453746543556335,65.54625345644367
Town01_T-Intersection,v_13_1,v_14_4,15,0.001,32.96916436237089,67.03083563762911
Town01_T-Intersection,v_13_1,v_14_4,20,0.001,32.22687327177817,67.77312672822183
Town01_T-Intersection,v_13_1,v_14_4,25,0.001,31.781498617422535,68.21850138257747
Town01_T-Intersection,v_13_1,v_14_4,30,0.001,31.484582181185445,68.51541781881456
Town01_T-Intersection,v_13_1,v_14_4,5,0.001,38.90749308711267,61.09250691288733
Town01_T-Intersection,v_13_1,v_14_7,10,0.001,64.2009701391269,35.799029860873105
Town01_T-Intersection,v_13_1,v_14_7,15,0.001,62.80064675941793,37.19935324058207
Town01_T-Intersection,v_13_1,v_14_7,20,0.001,62.10048506956345,37.89951493043655
Town01_T-Intersection,v_13_1,v_14_7,25,0.001,61.68038805565076,38.31961194434924
Town01_T-Intersection,v_13_1,v_14_7,30,0.001,61.400323379708965,38.599676620291035
Town01_T-Intersection,v_13_1,v_14_7,5,0.001,68.40194027825379,31.59805972174621
Town01_T-Intersection,v_12_7,v_13_6,10,0.001,13.556688371944226,86.44331162805577
Town01_T-Intersection,v_12_7,v_13_6,15,0.001,12.37112558129615,87.62887441870384
Town01_T-Intersection,v_12_7,v_13_6,20,0.001,11.778344185972113,88.22165581402788
Town01_T-Intersection,v_12_7,v_13_6,25,0.001,11.422675348777691,88.57732465122231
Town01_T-Intersection,v_12_7,v_13_6,30,0.001,11.185562790648074,88.81443720935192
Town01_T-Intersection,v_12_7,v_13_6,5,0.001,17.113376743888452,82.88662325611155
Town01_T-Intersection,v_12_7,v_13_7,10,0.001,3.4033953314465633,96.59660466855344
Town01_T-Intersection,v_12_7,v_13_7,15,0.001,2.2689302209643754,97.73106977903562
Town01_T-Intersection,v_12_7,v_13_7,20,0.001,1.7016976657232816,98.29830233427671
Town01_T-Intersection,v_12_7,v_13_7,25,0.001,1.3613581325786253,98.63864186742137
Town01_T-Intersection,v_12_7,v_13_7,30,0.001,1.1344651104821877,98.86553488951782
Town01_T-Intersection,v_12_7,v_13_7,5,0.001,6.8067906628931265,93.19320933710688
Town01_T-Intersection,v_12_7,v_13_2,10,0.001,54.580675448043976,45.419324551956024
Town01_T-Intersection,v_12_7,v_13_2,15,0.001,53.053783632029315,46.946216367970685
Town01_T-Intersection,v_12_7,v_13_2,20,0.001,52.29033772402199,47.70966227597801
Town01_T-Intersection,v_12_7,v_13_2,25,0.001,51.83227017921759,48.16772982078241
Town01_T-Intersection,v_12_7,v_13_2,30,0.001,51.526891816014654,48.473108183985346
Town01_T-Intersection,v_12_7,v_13_2,5,0.001,59.161350896087946,40.838649103912054
Town01_T-Intersection,v_12_7,v_13_1,10,0.2201424711225295,64.9173312998129,35.0826687001871
Town01_T-Intersection,v_12_7,v_13_1,15,0.47838204411398366,63.27822086654193,36.72177913345807
Town01_T-Intersection,v_12_7,v_13_1,20,0.39756552076070895,62.45866564990645,37.54133435009355
Town01_T-Intersection,v_12_7,v_13_1,25,0.1514918786874567,61.96693251992516,38.03306748007484
Town01_T-Intersection,v_12_7,v_13_1,30,0.8102134739144162,61.639110433270965,38.360889566729035
Town01_T-Intersection,v_12_7,v_13_1,5,0.8289739143915443,69.83466259962579,30.165337400374213
Town01_T-Intersection,v_12_7,v_13_3,10,0.33194736405745995,44.27212856401029,55.72787143598971
Town01_T-Intersection,v_12_7,v_13_3,15,0.6983481714487516,42.84808570934019,57.15191429065981
Town01_T-Intersection,v_12_7,v_13_3,20,0.940204566151015,42.136064282005144,57.863935717994856
Town01_T-Intersection,v_12_7,v_13_3,25,0.7954558878710154,41.70885142560412,58.29114857439588
Town01_T-Intersection,v_12_7,v_13_3,30,0.4430892578667923,41.42404285467009,58.57595714532991
Town01_T-Intersection,v_12_7,v_13_3,5,0.8860918204386931,48.54425712802057,51.45574287197943
Town01_T-Intersection,v_12_7,v_13_4,10,0.001,33.995672498283135,66.00432750171686
Town01_T-Intersection,v_12_7,v_13_4,15,0.001,32.66378166552209,67.3362183344779
Town01_T-Intersection,v_12_7,v_13_4,20,0.001,31.997836249141567,68.00216375085843
Town01_T-Intersection,v_12_7,v_13_4,25,0.001,31.59826899931325,68.40173100068675
Town01_T-Intersection,v_12_7,v_13_4,30,0.001,31.331890832761044,68.66810916723895
Town01_T-Intersection,v_12_7,v_13_4,5,0.001,37.99134499656626,62.00865500343374
Town01_T-Intersection,v_12_7,v_13_5,10,0.001,23.755658876631408,76.2443411233686
Town01_T-Intersection,v_12_7,v_13_5,15,0.001,22.50377258442094,77.49622741557906
Town01_T-Intersection,v_12_7,v_13_5,20,0.001,21.877829438315704,78.1221705616843
Town01_T-Intersection,v_12_7,v_13_5,25,0.001,21.502263550652565,78.49773644934743
Town01_T-Intersection,v_12_7,v_13_5,30,0.001,21.251886292210468,78.74811370778953
Town01_T-Intersection,v_12_7,v_13_5,5,0.001,27.511317753262816,72.48868224673718
Town01_T-Intersection,v_2_7,v_3_6,10,0.670346045311117,13.62534163275313,86.37465836724687
Town01_T-Intersection,v_2_7,v_3_6,15,0.9046186009488102,12.41689442183542,87.58310557816458
Town01_T-Intersection,v_2_7,v_3_6,20,0.1815230036075023,11.812670816376565,88.18732918362343
Town01_T-Intersection,v_2_7,v_3_6,25,0.2583793907714817,11.450136653101252,88.54986334689875
Town01_T-Intersection,v_2_7,v_3_6,30,0.689111245973546,11.20844721091771,88.79155278908229
Town01_T-Intersection,v_2_7,v_3_6,5,0.5253681048830379,17.25068326550626,82.74931673449373
Town01_T-Intersection,v_2_7,v_3_2,10,0.6284102741133498,54.20935161659595,45.79064838340405
Town01_T-Intersection,v_2_7,v_3_2,15,0.36564643556942966,52.80623441106397,47.19376558893603
Town01_T-Intersection,v_2_7,v_3_2,20,0.5007206650668081,52.104675808297976,47.895324191702024
Town01_T-Intersection,v_2_7,v_3_2,25,0.775410069725913,51.68374064663838,48.31625935336162
Town01_T-Intersection,v_2_7,v_3_2,30,0.5179002042928085,51.403117205531984,48.596882794468016
Town01_T-Intersection,v_2_7,v_3_2,5,0.12885206403478375,58.418703233191906,41.581296766808094
Town01_T-Intersection,v_2_7,v_3_1,10,0.7088889038729227,64.46326374652884,35.53673625347116
Town01_T-Intersection,v_2_7,v_3_1,15,0.8721099772107576,62.97550916435256,37.02449083564744
Town01_T-Intersection,v_2_7,v_3_1,20,0.7608920807157095,62.23163187326442,37.76836812673558
Town01_T-Intersection,v_2_7,v_3_1,25,0.23518820934444273,61.785305498611535,38.214694501388465
Town01_T-Intersection,v_2_7,v_3_1,30,0.2447051359155203,61.48775458217628,38.51224541782372
Town01_T-Intersection,v_2_7,v_3_1,5,0.987667930020953,68.92652749305768,31.073472506942323
Town01_T-Intersection,v_2_7,v_3_7,10,0.001,3.6000000117725395,96.39999998822746
Town01_T-Intersection,v_2_7,v_3_7,15,0.001,2.4000000078483597,97.59999999215164
Town01_T-Intersection,v_2_7,v_3_7,20,0.001,1.8000000058862697,98.19999999411372
Town01_T-Intersection,v_2_7,v_3_7,25,0.001,1.4400000047090158,98.55999999529098
Town01_T-Intersection,v_2_7,v_3_7,30,0.001,1.2000000039241798,98.79999999607583
Town01_T-Intersection,v_2_7,v_3_7,5,0.001,7.200000023545079,92.79999997645493
Town01_T-Intersection,v_2_7,v_3_3,10,0.001,43.99549602232011,56.00450397767989
Town01_T-Intersection,v_2_7,v_3_3,15,0.001,42.66366401488008,57.33633598511992
Town01_T-Intersection,v_2_7,v_3_3,20,0.001,41.997748011160056,58.002251988839944
Town01_T-Intersection,v_2_7,v_3_3,25,0.001,41.59819840892804,58.40180159107196
Town01_T-Intersection,v_2_7,v_3_3,30,0.001,41.331832007440035,58.668167992559965
Town01_T-Intersection,v_2_7,v_3_3,5,0.001,47.99099204464022,52.00900795535978
Town01_T-Intersection,v_2_7,v_3_4,10,0.001,33.82501298747061,66.17498701252939
Town01_T-Intersection,v_2_7,v_3_4,15,0.001,32.550008658313736,67.44999134168626
Town01_T-Intersection,v_2_7,v_3_4,20,0.001,31.912506493735304,68.08749350626469
Town01_T-Intersection,v_2_7,v_3_4,25,0.001,31.53000519498824,68.46999480501177
Town01_T-Intersection,v_2_7,v_3_4,30,0.001,31.275004329156868,68.72499567084313
Town01_T-Intersection,v_2_7,v_3_4,5,0.001,37.650025974941215,62.349974025058785
Town01_T-Intersection,v_2_7,v_3_5,10,0.2700650386884494,23.700848962169395,76.2991510378306
Town01_T-Intersection,v_2_7,v_3_5,15,0.8625802539657383,22.467232641446262,77.53276735855374
Town01_T-Intersection,v_2_7,v_3_5,20,0.7466772531761668,21.850424481084698,78.1495755189153
Town01_T-Intersection,v_2_7,v_3_5,25,0.3718913654836762,21.480339584867757,78.51966041513225
Town01_T-Intersection,v_2_7,v_3_5,30,0.9726934187194333,21.233616320723133,78.76638367927687
Town01_T-Intersection,v_2_7,v_3_5,5,0.31222884769591525,27.40169792433879,72.59830207566121
Town01_T-Intersection,v_2_3,v_3_6,10,0.001,33.825026516578255,66.17497348342175
Town01_T-Intersection,v_2_3,v_3_6,15,0.001,32.550017677718834,67.44998232228116
Town01_T-Intersection,v_2_3,v_3_6,20,0.001,31.912513258289128,68.08748674171088
Town01_T-Intersection,v_2_3,v_3_6,25,0.001,31.5300106066313,68.4699893933687
Town01_T-Intersection,v_2_3,v_3_6,30,0.001,31.275008838859417,68.72499116114058
Town01_T-Intersection,v_2_3,v_3_6,5,0.001,37.65005303315651,62.34994696684349
Town01_T-Intersection,v_2_3,v_3_2,10,0.001,13.62534163275314,86.37465836724687
Town01_T-Intersection,v_2_3,v_3_2,15,0.001,12.416894421835426,87.58310557816458
Town01_T-Intersection,v_2_3,v_3_2,20,0.001,11.81267081637657,88.18732918362343
Town01_T-Intersection,v_2_3,v_3_2,25,0.001,11.450136653101255,88.54986334689875
Town01_T-Intersection,v_2_3,v_3_2,30,0.001,11.208447210917713,88.79155278908229
Town01_T-Intersection,v_2_3,v_3_2,5,0.001,17.25068326550628,82.74931673449372
Town01_T-Intersection,v_2_3,v_3_1,10,0.45514986693886283,23.700848962169406,76.2991510378306
Town01_T-Intersection,v_2_3,v_3_1,15,0.1919023326736451,22.46723264144627,77.53276735855373
Town01_T-Intersection,v_2_3,v_3_1,20,0.1863138653773172,21.8504244810847,78.1495755189153
Town01_T-Intersection,v_2_3,v_3_1,25,0.7129320017682587,21.48033958486776,78.51966041513224
Town01_T-Intersection,v_2_3,v_3_1,30,0.743936114767411,21.233616320723137,78.76638367927686
Town01_T-Intersection,v_2_3,v_3_1,5,0.9902581310562638,27.40169792433881,72.5983020756612
Town01_T-Intersection,v_2_3,v_3_7,10,0.3644473769768768,43.995513665175466,56.004486334824534
Town01_T-Intersection,v_2_3,v_3_7,15,0.302014752807292,42.66367577678364,57.33632422321636
Town01_T-Intersection,v_2_3,v_3_7,20,0.4412215082081484,41.99775683258773,58.00224316741227
Town01_T-Intersection,v_2_3,v_3_7,25,0.7886653361921069,41.59820546607018,58.40179453392982
Town01_T-Intersection,v_2_3,v_3_7,30,0.6572160892459105,41.331837888391824,58.668162111608176
Town01_T-Intersection,v_2_3,v_3_7,5,0.9090324363544982,47.991027330350924,52.008972669649076
Town01_T-Intersection,v_2_3,v_3_3,10,0.001,3.60000001177256,96.39999998822744
Town01_T-Intersection,v_2_3,v_3_3,15,0.001,2.400000007848373,97.59999999215162
Town01_T-Intersection,v_2_3,v_3_3,20,0.001,1.80000000588628,98.19999999411372
Town01_T-Intersection,v_2_3,v_3_3,25,0.001,1.440000004709024,98.55999999529098
Town01_T-Intersection,v_2_3,v_3_3,30,0.001,1.2000000039241865,98.79999999607581
Town01_T-Intersection,v_2_3,v_3_3,5,0.001,7.20000002354512,92.79999997645488
Town01_T-Intersection,v_2_3,v_3_4,10,0.2756419615142443,13.625346265302742,86.37465373469726
Town01_T-Intersection,v_2_3,v_3_4,15,0.3086188943629928,12.416897510201828,87.58310248979816
Town01_T-Intersection,v_2_3,v_3_4,20,0.13041073696283065,11.812673132651371,88.18732686734863
Town01_T-Intersection,v_2_3,v_3_4,25,0.7694962601400475,11.450138506121096,88.54986149387891
Town01_T-Intersection,v_2_3,v_3_4,30,0.5251127803207927,11.208448755100914,88.79155124489908
Town01_T-Intersection,v_2_3,v_3_4,5,0.17641239464813785,17.250692530605484,82.74930746939452
Town01_T-Intersection,v_2_3,v_3_5,10,0.001,23.700858132529397,76.29914186747061
Town01_T-Intersection,v_2_3,v_3_5,15,0.001,22.4672387550196,77.5327612449804
Town01_T-Intersection,v_2_3,v_3_5,20,0.001,21.8504290662647,78.1495709337353
Town01_T-Intersection,v_2_3,v_3_5,25,0.001,21.48034325301176,78.51965674698823
Town01_T-Intersection,v_2_3,v_3_5,30,0.001,21.2336193775098,78.7663806224902
Town01_T-Intersection,v_2_3,v_3_5,5,0.001,27.4017162650588,72.5982837349412
Town01_T-Intersection,v_3_4,v_4_2,10,0.6738923268589555,23.700872587539486,76.2991274124605
Town01_T-Intersection,v_3_4,v_4_2,15,0.4690411066977529,22.46724839169299,77.53275160830701
Town01_T-Intersection,v_3_4,v_4_2,20,0.9615537330710316,21.850436293769743,78.14956370623025
Town01_T-Intersection,v_3_4,v_4_2,25,0.5619481487517098,21.480349035015795,78.51965096498421
Town01_T-Intersection,v_3_4,v_4_2,30,0.42493892782061904,21.233624195846495,78.76637580415351
Town01_T-Intersection,v_3_4,v_4_2,5,0.8381963134133931,27.401745175078972,72.59825482492103
Town01_T-Intersection,v_3_4,v_4_5,10,0.001,13.62535061016983,86.37464938983017
Town01_T-Intersection,v_3_4,v_4_5,15,0.001,12.416900406779886,87.58309959322011
Town01_T-Intersection,v_3_4,v_4_5,20,0.001,11.812675305084916,88.18732469491508
Town01_T-Intersection,v_3_4,v_4_5,25,0.001,11.450140244067931,88.54985975593206
Town01_T-Intersection,v_3_4,v_4_5,30,0.001,11.208450203389944,88.79154979661006
Town01_T-Intersection,v_3_4,v_4_5,5,0.001,17.25070122033966,82.74929877966034
Town01_T-Intersection,v_3_4,v_4_1,10,0.6552017823470825,33.825042267042846,66.17495773295715
Town01_T-Intersection,v_3_4,v_4_1,15,0.3460914875115014,32.55002817802856,67.44997182197145
Town01_T-Intersection,v_3_4,v_4_1,20,0.8339300929055424,31.912521133521423,68.08747886647858
Town01_T-Intersection,v_3_4,v_4_1,25,0.15796976992574363,31.53001690681714,68.46998309318286
Town01_T-Intersection,v_3_4,v_4_1,30,0.5882661631449675,31.27501408901428,68.72498591098572
Town01_T-Intersection,v_3_4,v_4_1,5,0.47321517000753466,37.650084534085686,62.349915465914314
Town01_T-Intersection,v_3_4,v_4_4,10,0.001,3.6000109981006077,96.3999890018994
Town01_T-Intersection,v_3_4,v_4_4,15,0.001,2.4000073320670716,97.59999266793292
Town01_T-Intersection,v_3_4,v_4_4,20,0.001,1.8000054990503038,98.1999945009497
Town01_T-Intersection,v_3_4,v_4_4,25,0.001,1.440004399240243,98.55999560075976
Town01_T-Intersection,v_3_4,v_4_4,30,0.001,1.2000036660335358,98.79999633396646
Town01_T-Intersection,v_3_4,v_4_4,5,0.001,7.200021996201215,92.79997800379878
Town01_T-Intersection,v_3_4,v_4_3,10,0.001,13.625359107697784,86.37464089230221
Town01_T-Intersection,v_3_4,v_4_3,15,0.001,12.416906071798522,87.58309392820148
Town01_T-Intersection,v_3_4,v_4_3,20,0.001,11.812679553848891,88.1873204461511
Town01_T-Intersection,v_3_4,v_4_3,25,0.001,11.450143643079114,88.54985635692088
Town01_T-Intersection,v_3_4,v_4_3,30,0.001,11.208453035899261,88.79154696410075
Town01_T-Intersection,v_3_4,v_4_3,5,0.001,17.25071821539557,82.74928178460443
Town01_T-Intersection,v_3_4,v_4_7,10,0.001,33.82501788742824,66.17498211257177
Town01_T-Intersection,v_3_4,v_4_7,15,0.001,32.55001192495216,67.44998807504784
Town01_T-Intersection,v_3_4,v_4_7,20,0.001,31.91250894371412,68.08749105628588
Town01_T-Intersection,v_3_4,v_4_7,25,0.001,31.530007154971294,68.46999284502871
Town01_T-Intersection,v_3_4,v_4_7,30,0.001,31.27500596247608,68.72499403752391
Town01_T-Intersection,v_3_4,v_4_7,5,0.001,37.65003577485647,62.34996422514353
Town01_T-Intersection,v_3_4,v_4_6,10,0.001,23.70085587763157,76.29914412236843
Town01_T-Intersection,v_3_4,v_4_6,15,0.001,22.467237251754383,77.53276274824562
Town01_T-Intersection,v_3_4,v_4_6,20,0.001,21.850427938815788,78.14957206118422
Town01_T-Intersection,v_3_4,v_4_6,25,0.001,21.48034235105263,78.51965764894737
Town01_T-Intersection,v_3_4,v_4_6,30,0.001,21.23361862587719,78.7663813741228
Town01_T-Intersection,v_3_4,v_4_6,5,0.001,27.401711755263147,72.59828824473685
Town01_T-Intersection,v_1_4,v_2_4,10,0.5053385460104173,3.599989025893446,96.40001097410655
Town01_T-Intersection,v_1_4,v_2_4,15,0.844705927969653,2.399992683928964,97.60000731607104
Town01_T-Intersection,v_1_4,v_2_4,20,0.5607028803051306,1.799994512946723,98.20000548705328
Town01_T-Intersection,v_1_4,v_2_4,25,0.11670231129026618,1.4399956103573783,98.56000438964263
Town01_T-Intersection,v_1_4,v_2_4,30,0.5635370774014811,1.199996341964482,98.80000365803552
Town01_T-Intersection,v_1_4,v_2_4,5,0.3308662461885517,7.199978051786892,92.80002194821311
Town01_T-Intersection,v_1_4,v_2_6,10,0.001,23.70084663239635,76.29915336760365
Town01_T-Intersection,v_1_4,v_2_6,15,0.001,22.46723108826423,77.53276891173577
Town01_T-Intersection,v_1_4,v_2_6,20,0.001,21.850423316198174,78.14957668380183
Town01_T-Intersection,v_1_4,v_2_6,25,0.001,21.48033865295854,78.51966134704146
Town01_T-Intersection,v_1_4,v_2_6,30,0.001,21.233615544132114,78.7663844558679
Town01_T-Intersection,v_1_4,v_2_6,5,0.001,27.401693264792694,72.5983067352073
Town01_T-Intersection,v_1_4,v_2_2,10,0.001,23.70083909285451,76.29916090714549
Town01_T-Intersection,v_1_4,v_2_2,15,0.001,22.467226061903006,77.532773938097
Town01_T-Intersection,v_1_4,v_2_2,20,0.001,21.850419546427254,78.14958045357275
Town01_T-Intersection,v_1_4,v_2_2,25,0.001,21.480335637141803,78.5196643628582
Town01_T-Intersection,v_1_4,v_2_2,30,0.001,21.233613030951503,78.7663869690485
Town01_T-Intersection,v_1_4,v_2_2,5,0.001,27.401678185709017,72.59832181429098
Town01_T-Intersection,v_1_4,v_2_7,10,0.001,33.82501485255054,66.17498514744946
Town01_T-Intersection,v_1_4,v_2_7,15,0.001,32.55000990170036,67.44999009829964
Town01_T-Intersection,v_1_4,v_2_7,20,0.001,31.91250742627527,68.08749257372473
Town01_T-Intersection,v_1_4,v_2_7,25,0.001,31.530005941020217,68.46999405897978
Town01_T-Intersection,v_1_4,v_2_7,30,0.001,31.27500495085018,68.72499504914981
Town01_T-Intersection,v_1_4,v_2_7,5,0.001,37.65002970510108,62.34997029489892
Town01_T-Intersection,v_1_4,v_2_3,10,0.5761129956702357,13.625331107152928,86.37466889284707
Town01_T-Intersection,v_1_4,v_2_3,15,0.3425429132272818,12.416887404768618,87.58311259523138
Town01_T-Intersection,v_1_4,v_2_3,20,0.27845131652642696,11.812665553576464,88.18733444642353
Town01_T-Intersection,v_1_4,v_2_3,25,0.8136384796117367,11.450132442861172,88.54986755713882
Town01_T-Intersection,v_1_4,v_2_3,30,0.2009403137818858,11.20844370238431,88.79155629761568
Town01_T-Intersection,v_1_4,v_2_3,5,0.25010709385675345,17.250662214305855,82.74933778569414
Town01_T-Intersection,v_1_4,v_2_5,10,0.001,13.625334972146696,86.3746650278533
Town01_T-Intersection,v_1_4,v_2_5,15,0.001,12.41688998143113,87.58311001856887
Town01_T-Intersection,v_1_4,v_2_5,20,0.001,11.812667486073348,88.18733251392665
Town01_T-Intersection,v_1_4,v_2_5,25,0.001,11.450133988858678,88.54986601114132
Town01_T-Intersection,v_1_4,v_2_5,30,0.001,11.208444990715565,88.79155500928444
Town01_T-Intersection,v_1_4,v_2_5,5,0.001,17.250669944293392,82.74933005570661
Town01_T-Intersection,v_1_4,v_2_1,10,0.36685235186063403,33.82500400204293,66.17499599795707
Town01_T-Intersection,v_1_4,v_2_1,15,0.5050923950870875,32.55000266802862,67.44999733197139
Town01_T-Intersection,v_1_4,v_2_1,20,0.2589614187215192,31.912502001021466,68.08749799897853
Town01_T-Intersection,v_1_4,v_2_1,25,0.18031010097293437,31.530001600817172,68.46999839918283
Town01_T-Intersection,v_1_4,v_2_1,30,0.15850880374290116,31.27500133401431,68.7249986659857
Town01_T-Intersection,v_1_4,v_2_1,5,0.9293650243802991,37.65000800408586,62.34999199591414
Town01_T-Intersection,v_4_4,v_5_1,10,0.001,33.82503553604168,66.17496446395832
Town01_T-Intersection,v_4_4,v_5_1,15,0.001,32.55002369069445,67.44997630930555
Town01_T-Intersection,v_4_4,v_5_1,20,0.001,31.91251776802084,68.08748223197915
Town01_T-Intersection,v_4_4,v_5_1,25,0.001,31.530014214416674,68.46998578558333
Town01_T-Intersection,v_4_4,v_5_1,30,0.001,31.275011845347226,68.72498815465278
Town01_T-Intersection,v_4_4,v_5_1,5,0.001,37.650071072083364,62.349928927916636
Town01_T-Intersection,v_4_4,v_5_2,10,0.5753432192560113,23.700864246166645,76.29913575383335
Town01_T-Intersection,v_4_4,v_5_2,15,0.8884516443209095,22.467242830777764,77.53275716922224
Town01_T-Intersection,v_4_4,v_5_2,20,0.36234614510726093,21.850432123083323,78.14956787691668
Town01_T-Intersection,v_4_4,v_5_2,25,0.804771020728389,21.48034569846666,78.51965430153334
Town01_T-Intersection,v_4_4,v_5_2,30,0.28812108395157743,21.233621415388882,78.76637858461112
Town01_T-Intersection,v_4_4,v_5_2,5,0.15677910632464825,27.401728492333294,72.59827150766671
Town01_T-Intersection,v_4_4,v_5_4,10,0.001,3.6000000117862085,96.39999998821379
Town01_T-Intersection,v_4_4,v_5_4,15,0.001,2.4000000078574724,97.59999999214253
Town01_T-Intersection,v_4_4,v_5_4,20,0.001,1.8000000058931043,98.19999999410689
Town01_T-Intersection,v_4_4,v_5_4,25,0.001,1.4400000047144834,98.55999999528552
Town01_T-Intersection,v_4_4,v_5_4,30,0.001,1.2000000039287362,98.79999999607126
Town01_T-Intersection,v_4_4,v_5_4,5,0.001,7.200000023572417,92.79999997642759
Town01_T-Intersection,v_4_4,v_5_5,10,0.15117991286301194,13.62533854445432,86.37466145554568
Town01_T-Intersection,v_4_4,v_5_5,15,0.1679472297234984,12.416892362969545,87.58310763703045
Town01_T-Intersection,v_4_4,v_5_5,20,0.6399789310801662,11.81266927222716,88.18733072777285
Town01_T-Intersection,v_4_4,v_5_5,25,0.5473878524992732,11.450135417781727,88.54986458221828
Town01_T-Intersection,v_4_4,v_5_5,30,0.4716565547928344,11.208446181484772,88.79155381851523
Town01_T-Intersection,v_4_4,v_5_5,5,0.28183384965411845,17.25067708890864,82.74932291109135
Town01_T-Intersection,v_4_4,v_5_6,10,0.8305774412204918,23.700842848660024,76.29915715133998
Town01_T-Intersection,v_4_4,v_5_6,15,0.2969065158356575,22.467228565773347,77.53277143422665
Town01_T-Intersection,v_4_4,v_5_6,20,0.7338360877502429,21.850421424330012,78.14957857566999
Town01_T-Intersection,v_4_4,v_5_6,25,0.19142555545085443,21.48033713946401,78.51966286053599
Town01_T-Intersection,v_4_4,v_5_6,30,0.2414313801633469,21.233614282886673,78.76638571711332
Town01_T-Intersection,v_4_4,v_5_6,5,0.3483639121175335,27.401685697320044,72.59831430267995
Town01_T-Intersection,v_4_4,v_5_3,10,0.001,13.625349353736741,86.37465064626326
Town01_T-Intersection,v_4_4,v_5_3,15,0.001,12.416899569157827,87.58310043084217
Town01_T-Intersection,v_4_4,v_5_3,20,0.001,11.81267467686837,88.18732532313163
Town01_T-Intersection,v_4_4,v_5_3,25,0.001,11.450139741494697,88.5498602585053
Town01_T-Intersection,v_4_4,v_5_3,30,0.001,11.208449784578914,88.79155021542108
Town01_T-Intersection,v_4_4,v_5_3,5,0.001,17.250698707473482,82.74930129252652
Town01_T-Intersection,v_4_4,v_5_7,10,0.001,33.82500396812391,66.17499603187609
Town01_T-Intersection,v_4_4,v_5_7,15,0.001,32.550002645415944,67.44999735458406
Town01_T-Intersection,v_4_4,v_5_7,20,0.001,31.912501984061954,68.08749801593805
Town01_T-Intersection,v_4_4,v_5_7,25,0.001,31.530001587249565,68.46999841275044
Town01_T-Intersection,v_4_4,v_5_7,30,0.001,31.275001322707972,68.72499867729204
Town01_T-Intersection,v_4_4,v_5_7,5,0.001,37.650007936247825,62.349992063752175
Town01_T-Intersection,v_5_2,v_6_6,10,0.001,43.99549205487833,56.00450794512167
Town01_T-Intersection,v_5_2,v_6_6,15,0.001,42.663661369918884,57.336338630081116
Town01_T-Intersection,v_5_2,v_6_6,20,0.001,41.99774602743916,58.00225397256084
Town01_T-Intersection,v_5_2,v_6_6,25,0.001,41.59819682195133,58.40180317804867
Town01_T-Intersection,v_5_2,v_6_6,30,0.001,41.33183068495944,58.66816931504056
Town01_T-Intersection,v_5_2,v_6_6,5,0.001,47.99098410975666,52.00901589024334
Town01_T-Intersection,v_5_2,v_6_2,10,0.38513799967221807,3.5999780395654053,96.4000219604346
Town01_T-Intersection,v_5_2,v_6_2,15,0.1863848481237375,2.39998535971027,97.60001464028973
Town01_T-Intersection,v_5_2,v_6_2,20,0.776542225918627,1.7999890197827026,98.2000109802173
Town01_T-Intersection,v_5_2,v_6_2,25,0.3591810007544636,1.439991215826162,98.56000878417383
Town01_T-Intersection,v_5_2,v_6_2,30,0.5876270747339333,1.199992679855135,98.80000732014487
Town01_T-Intersection,v_5_2,v_6_2,5,0.9678035597276355,7.199956079130811,92.80004392086919
Town01_T-Intersection,v_5_2,v_6_4,10,0.4266873213289324,23.70083594719608,76.29916405280392
Town01_T-Intersection,v_5_2,v_6_4,15,0.19862538711163139,22.467223964797387,77.53277603520262
Town01_T-Intersection,v_5_2,v_6_4,20,0.7958600175775745,21.85041797359804,78.14958202640196
Town01_T-Intersection,v_5_2,v_6_4,25,0.3377622739790519,21.480334378878432,78.51966562112156
Town01_T-Intersection,v_5_2,v_6_4,30,0.2912459408937279,21.233611982398692,78.76638801760132
Town01_T-Intersection,v_5_2,v_6_4,5,0.8074245527933076,27.40167189439216,72.59832810560783
Town01_T-Intersection,v_5_2,v_6_5,10,0.001,33.82500452736126,66.17499547263874
Town01_T-Intersection,v_5_2,v_6_5,15,0.001,32.55000301824084,67.44999698175917
Town01_T-Intersection,v_5_2,v_6_5,20,0.001,31.91250226368063,68.08749773631936
Town01_T-Intersection,v_5_2,v_6_5,25,0.001,31.5300018109445,68.4699981890555
Town01_T-Intersection,v_5_2,v_6_5,30,0.001,31.27500150912042,68.72499849087959
Town01_T-Intersection,v_5_2,v_6_5,5,0.001,37.65000905472251,62.34999094527749
Town01_T-Intersection,v_5_2,v_6_3,10,0.001,13.625324062287058,86.37467593771294
Town01_T-Intersection,v_5_2,v_6_3,15,0.001,12.416882708191372,87.58311729180863
Town01_T-Intersection,v_5_2,v_6_3,20,0.001,11.812662031143528,88.18733796885647
Town01_T-Intersection,v_5_2,v_6_3,25,0.001,11.450129624914823,88.54987037508518
Town01_T-Intersection,v_5_2,v_6_3,30,0.001,11.208441354095687,88.79155864590432
Town01_T-Intersection,v_5_2,v_6_3,5,0.001,17.250648124574116,82.74935187542589
Town01_T-Intersection,v_5_2,v_6_1,10,0.8180119513582761,13.625320197292838,86.37467980270716
Town01_T-Intersection,v_5_2,v_6_1,15,0.44851734873187776,12.416880131528558,87.58311986847144
Town01_T-Intersection,v_5_2,v_6_1,20,0.9742649305240316,11.812660098646418,88.18733990135358
Town01_T-Intersection,v_5_2,v_6_1,25,0.5420277795763817,11.450128078917135,88.54987192108287
Town01_T-Intersection,v_5_2,v_6_1,30,0.20145738981845232,11.208440065764279,88.79155993423572
Town01_T-Intersection,v_5_2,v_6_1,5,0.3364927301889341,17.250640394585677,82.74935960541433
Town01_T-Intersection,v_5_2,v_6_7,10,0.529789018536804,54.20935171383982,45.79064828616018
Town01_T-Intersection,v_5_2,v_6_7,15,0.3219745405339021,52.80623447589321,47.19376552410679
Town01_T-Intersection,v_5_2,v_6_7,20,0.19765024241321083,52.10467585691991,47.89532414308009
Town01_T-Intersection,v_5_2,v_6_7,25,0.5138243110076652,51.68374068553593,48.31625931446407
Town01_T-Intersection,v_5_2,v_6_7,30,0.5060708748944157,51.40311723794661,48.59688276205339
Town01_T-Intersection,v_5_2,v_6_7,5,0.37206496665939315,58.418703427679645,41.581296572320355
Town01_T-Intersection,v_2_5,v_3_6,10,0.1895946023176284,13.625346265302742,86.37465373469726
Town01_T-Intersection,v_2_5,v_3_6,15,0.8229973810353995,12.416897510201828,87.58310248979816
Town01_T-Intersection,v_2_5,v_3_6,20,0.5940118303509538,11.812673132651371,88.18732686734863
Town01_T-Intersection,v_2_5,v_3_6,25,0.3182658232365447,11.450138506121096,88.54986149387891
Town01_T-Intersection,v_2_5,v_3_6,30,0.5035906652755088,11.208448755100914,88.79155124489908
Town01_T-Intersection,v_2_5,v_3_6,5,0.7971562364378457,17.250692530605484,82.74930746939452
Town01_T-Intersection,v_2_5,v_3_2,10,0.001,33.825012987470615,66.17498701252939
Town01_T-Intersection,v_2_5,v_3_2,15,0.001,32.55000865831374,67.44999134168626
Town01_T-Intersection,v_2_5,v_3_2,20,0.001,31.912506493735307,68.08749350626469
Town01_T-Intersection,v_2_5,v_3_2,25,0.001,31.53000519498825,68.46999480501175
Town01_T-Intersection,v_2_5,v_3_2,30,0.001,31.27500432915687,68.72499567084313
Town01_T-Intersection,v_2_5,v_3_2,5,0.001,37.65002597494124,62.34997402505876
Town01_T-Intersection,v_2_5,v_3_1,10,0.001,43.99549602232011,56.00450397767989
Town01_T-Intersection,v_2_5,v_3_1,15,0.001,42.66366401488008,57.33633598511992
Town01_T-Intersection,v_2_5,v_3_1,20,0.001,41.997748011160056,58.002251988839944
Town01_T-Intersection,v_2_5,v_3_1,25,0.001,41.59819840892804,58.40180159107196
Town01_T-Intersection,v_2_5,v_3_1,30,0.001,41.331832007440035,58.668167992559965
Town01_T-Intersection,v_2_5,v_3_1,5,0.001,47.99099204464022,52.00900795535978
Town01_T-Intersection,v_2_5,v_3_7,10,0.7726349245370484,23.700858132529397,76.29914186747061
Town01_T-Intersection,v_2_5,v_3_7,15,0.8310298720958431,22.4672387550196,77.5327612449804
Town01_T-Intersection,v_2_5,v_3_7,20,0.40264854658286,21.8504290662647,78.1495709337353
Town01_T-Intersection,v_2_5,v_3_7,25,0.37058906272986114,21.48034325301176,78.51965674698823
Town01_T-Intersection,v_2_5,v_3_7,30,0.7087540074997892,21.2336193775098,78.7663806224902
Town01_T-Intersection,v_2_5,v_3_7,5,0.7321623246932601,27.4017162650588,72.5982837349412
Town01_T-Intersection,v_2_5,v_3_3,10,0.17107075281816508,23.700848962169406,76.2991510378306
Town01_T-Intersection,v_2_5,v_3_3,15,0.8382014173176306,22.46723264144627,77.53276735855373
Town01_T-Intersection,v_2_5,v_3_3,20,0.9879112762236201,21.8504244810847,78.1495755189153
Town01_T-Intersection,v_2_5,v_3_3,25,0.6040799915906064,21.48033958486776,78.51966041513224
Town01_T-Intersection,v_2_5,v_3_3,30,0.3535432681529438,21.233616320723137,78.76638367927686
Town01_T-Intersection,v_2_5,v_3_3,5,0.7164089460055925,27.40169792433881,72.5983020756612
Town01_T-Intersection,v_2_5,v_3_4,10,0.001,13.62534163275313,86.37465836724687
Town01_T-Intersection,v_2_5,v_3_4,15,0.001,12.41689442183542,87.58310557816458
Town01_T-Intersection,v_2_5,v_3_4,20,0.001,11.812670816376565,88.18732918362343
Town01_T-Intersection,v_2_5,v_3_4,25,0.001,11.450136653101252,88.54986334689875
Town01_T-Intersection,v_2_5,v_3_4,30,0.001,11.20844721091771,88.79155278908229
Town01_T-Intersection,v_2_5,v_3_4,5,0.001,17.25068326550626,82.74931673449373
Town01_T-Intersection,v_2_5,v_3_5,10,0.001,3.6000000117725395,96.39999998822746
Town01_T-Intersection,v_2_5,v_3_5,15,0.001,2.4000000078483597,97.59999999215164
Town01_T-Intersection,v_2_5,v_3_5,20,0.001,1.8000000058862697,98.19999999411372
Town01_T-Intersection,v_2_5,v_3_5,25,0.001,1.4400000047090158,98.55999999529098
Town01_T-Intersection,v_2_5,v_3_5,30,0.001,1.2000000039241798,98.79999999607583
Town01_T-Intersection,v_2_5,v_3_5,5,0.001,7.200000023545079,92.79999997645493
Town01_T-Intersection,v_3_5,v_4_2,10,0.4312252305108977,33.8250371044535,66.1749628955465
Town01_T-Intersection,v_3_5,v_4_2,15,0.4276562388091901,32.55002473630233,67.44997526369767
Town01_T-Intersection,v_3_5,v_4_2,20,0.4778814228786301,31.91251855222675,68.08748144777326
Town01_T-Intersection,v_3_5,v_4_2,25,0.1305931156455598,31.5300148417814,68.4699851582186
Town01_T-Intersection,v_3_5,v_4_2,30,0.9420042876997489,31.275012368151167,68.72498763184883
Town01_T-Intersection,v_3_5,v_4_2,5,0.607933803377848,37.65007420890701,62.34992579109299
Town01_T-Intersection,v_3_5,v_4_5,10,0.8113491239886791,3.6000055049365964,96.39999449506341
Town01_T-Intersection,v_3_5,v_4_5,15,0.3778397868098391,2.4000036699577305,97.59999633004227
Town01_T-Intersection,v_3_5,v_4_5,20,0.4168752149858759,1.8000027524682982,98.1999972475317
Town01_T-Intersection,v_3_5,v_4_5,25,0.7735327748000762,1.4400022019746384,98.55999779802536
Town01_T-Intersection,v_3_5,v_4_5,30,0.36644192094754535,1.2000018349788653,98.79999816502114
Town01_T-Intersection,v_3_5,v_4_5,5,0.5568886054629973,7.200011009873193,92.7999889901268
Town01_T-Intersection,v_3_5,v_4_1,10,0.001,43.99552541957656,56.00447458042344
Town01_T-Intersection,v_3_5,v_4_1,15,0.001,42.66368361305104,57.33631638694896
Town01_T-Intersection,v_3_5,v_4_1,20,0.001,41.997762709788276,58.002237290211724
Town01_T-Intersection,v_3_5,v_4_1,25,0.001,41.59821016783062,58.40178983216938
Town01_T-Intersection,v_3_5,v_4_1,30,0.001,41.33184180652552,58.66815819347448
Town01_T-Intersection,v_3_5,v_4_1,5,0.001,47.99105083915312,52.00894916084688
Town01_T-Intersection,v_3_5,v_4_4,10,0.31309272686416056,13.625353652769018,86.37464634723098
Town01_T-Intersection,v_3_5,v_4_4,15,0.5700716617305568,12.416902435179345,87.58309756482066
Town01_T-Intersection,v_3_5,v_4_4,20,0.176908542421569,11.812676826384509,88.1873231736155
Town01_T-Intersection,v_3_5,v_4_4,25,0.6761048449390965,11.450141461107608,88.5498585388924
Town01_T-Intersection,v_3_5,v_4_4,30,0.3209204713842163,11.208451217589673,88.79154878241033
Town01_T-Intersection,v_3_5,v_4_4,5,0.5488074203884499,17.250707305538036,82.74929269446196
Town01_T-Intersection,v_3_5,v_4_3,10,0.001,23.700867244940365,76.29913275505963
Town01_T-Intersection,v_3_5,v_4_3,15,0.001,22.467244829960244,77.53275517003976
Town01_T-Intersection,v_3_5,v_4_3,20,0.001,21.850433622470185,78.14956637752982
Town01_T-Intersection,v_3_5,v_4_3,25,0.001,21.480346897976148,78.51965310202385
Town01_T-Intersection,v_3_5,v_4_3,30,0.001,21.233622414980122,78.76637758501988
Town01_T-Intersection,v_3_5,v_4_3,5,0.001,27.40173448988073,72.59826551011926
Town01_T-Intersection,v_3_5,v_4_7,10,0.001,23.700850535027,76.299149464973
Town01_T-Intersection,v_3_5,v_4_7,15,0.001,22.467233690018002,77.532766309982
Town01_T-Intersection,v_3_5,v_4_7,20,0.001,21.8504252675135,78.1495747324865
Town01_T-Intersection,v_3_5,v_4_7,25,0.001,21.480340214010802,78.5196597859892
Town01_T-Intersection,v_3_5,v_4_7,30,0.001,21.233616845009,78.766383154991
Town01_T-Intersection,v_3_5,v_4_7,5,0.001,27.401701070054006,72.598298929946
Town01_T-Intersection,v_3_5,v_4_6,10,0.001,13.625345155233582,86.37465484476641
Town01_T-Intersection,v_3_5,v_4_6,15,0.001,12.41689677015572,87.58310322984428
Town01_T-Intersection,v_3_5,v_4_6,20,0.001,11.812672577616791,88.1873274223832
Town01_T-Intersection,v_3_5,v_4_6,25,0.001,11.450138062093432,88.54986193790657
Town01_T-Intersection,v_3_5,v_4_6,30,0.001,11.20844838507786,88.79155161492214
Town01_T-Intersection,v_3_5,v_4_6,5,0.001,17.250690310467164,82.74930968953284
Town01_T-Intersection,v_4_3,v_5_1,10,0.46491735278905555,23.70086424616664,76.29913575383335
Town01_T-Intersection,v_4_3,v_5_1,15,0.6805780741140494,22.467242830777757,77.53275716922224
Town01_T-Intersection,v_4_3,v_5_1,20,0.15642353433927847,21.85043212308332,78.14956787691668
Town01_T-Intersection,v_4_3,v_5_1,25,0.2512735350966916,21.480345698466657,78.51965430153334
Town01_T-Intersection,v_4_3,v_5_1,30,0.42742277335501233,21.23362141538888,78.76637858461112
Town01_T-Intersection,v_4_3,v_5_1,5,0.49939707628619034,27.401728492333277,72.59827150766672
Town01_T-Intersection,v_4_3,v_5_2,10,0.001,13.625349353736741,86.37465064626326
Town01_T-Intersection,v_4_3,v_5_2,15,0.001,12.416899569157827,87.58310043084217
Town01_T-Intersection,v_4_3,v_5_2,20,0.001,11.81267467686837,88.18732532313163
Town01_T-Intersection,v_4_3,v_5_2,25,0.001,11.450139741494697,88.5498602585053
Town01_T-Intersection,v_4_3,v_5_2,30,0.001,11.208449784578914,88.79155021542108
Town01_T-Intersection,v_4_3,v_5_2,5,0.001,17.250698707473482,82.74930129252652
Town01_T-Intersection,v_4_3,v_5_4,10,0.8054153849824196,13.62533854445432,86.37466145554568
Town01_T-Intersection,v_4_3,v_5_4,15,0.3898533728391197,12.416892362969545,87.58310763703045
Town01_T-Intersection,v_4_3,v_5_4,20,0.6497357102064797,11.81266927222716,88.18733072777285
Town01_T-Intersection,v_4_3,v_5_4,25,0.26917012404513385,11.450135417781727,88.54986458221828
Town01_T-Intersection,v_4_3,v_5_4,30,0.5766901540888288,11.208446181484772,88.79155381851523
Town01_T-Intersection,v_4_3,v_5_4,5,0.6237245766091486,17.25067708890864,82.74932291109135
Town01_T-Intersection,v_4_3,v_5_5,10,0.9146117868393706,23.70084284866001,76.29915715133998
Town01_T-Intersection,v_4_3,v_5_5,15,0.8583720176858503,22.46722856577334,77.53277143422666
Town01_T-Intersection,v_4_3,v_5_5,20,0.6226810385801992,21.850421424330005,78.14957857566999
Town01_T-Intersection,v_4_3,v_5_5,25,0.8369315683605026,21.480337139464005,78.51966286053599
Town01_T-Intersection,v_4_3,v_5_5,30,0.4259427351024948,21.23361428288667,78.76638571711334
Town01_T-Intersection,v_4_3,v_5_5,5,0.7666836310734063,27.401685697320023,72.59831430267998
Town01_T-Intersection,v_4_3,v_5_6,10,0.001,33.82500396812391,66.17499603187609
Town01_T-Intersection,v_4_3,v_5_6,15,0.001,32.550002645415944,67.44999735458406
Town01_T-Intersection,v_4_3,v_5_6,20,0.001,31.912501984061954,68.08749801593805
Town01_T-Intersection,v_4_3,v_5_6,25,0.001,31.530001587249565,68.46999841275044
Town01_T-Intersection,v_4_3,v_5_6,30,0.001,31.275001322707972,68.72499867729204
Town01_T-Intersection,v_4_3,v_5_6,5,0.001,37.650007936247825,62.349992063752175
Town01_T-Intersection,v_4_3,v_5_3,10,0.8978903702960276,3.6000000117861983,96.3999999882138
Town01_T-Intersection,v_4_3,v_5_3,15,0.1542223801860002,2.4000000078574653,97.59999999214253
Town01_T-Intersection,v_4_3,v_5_3,20,0.4543126792938236,1.8000000058930992,98.1999999941069
Town01_T-Intersection,v_4_3,v_5_3,25,0.480447262697118,1.4400000047144792,98.55999999528552
Town01_T-Intersection,v_4_3,v_5_3,30,0.2734331807666496,1.2000000039287326,98.79999999607126
Town01_T-Intersection,v_4_3,v_5_3,5,0.7814807383223265,7.200000023572397,92.7999999764276
Town01_T-Intersection,v_4_3,v_5_7,10,0.001,43.995484260355326,56.004515739644674
Town01_T-Intersection,v_4_3,v_5_7,15,0.001,42.66365617357022,57.33634382642978
Town01_T-Intersection,v_4_3,v_5_7,20,0.001,41.99774213017766,58.00225786982234
Town01_T-Intersection,v_4_3,v_5_7,25,0.001,41.598193704142126,58.401806295857874
Town01_T-Intersection,v_4_3,v_5_7,30,0.001,41.33182808678511,58.66817191321489
Town01_T-Intersection,v_4_3,v_5_7,5,0.001,47.990968520710645,52.009031479289355
Town01_T-Intersection,v_13_3,v_14_1,10,0.22950388833662885,24.719337137985782,75.28066286201422
Town01_T-Intersection,v_13_3,v_14_1,15,0.9855524998214006,23.146224758657187,76.85377524134282
Town01_T-Intersection,v_13_3,v_14_1,20,0.9223761658495954,22.35966856899289,77.64033143100711
Town01_T-Intersection,v_13_3,v_14_1,25,0.712125021667717,21.887734855194314,78.11226514480569
Town01_T-Intersection,v_13_3,v_14_1,30,0.5137818877494906,21.57311237932859,78.42688762067141
Town01_T-Intersection,v_13_3,v_14_1,5,0.1841797002855987,29.43867427597156,70.56132572402844
Town01_T-Intersection,v_13_3,v_14_2,10,0.001,14.423855431756532,85.57614456824346
Town01_T-Intersection,v_13_3,v_14_2,15,0.001,12.949236954504354,87.05076304549564
Town01_T-Intersection,v_13_3,v_14_2,20,0.001,12.211927715878266,87.78807228412174
Town01_T-Intersection,v_13_3,v_14_2,25,0.001,11.769542172702613,88.23045782729739
Town01_T-Intersection,v_13_3,v_14_2,30,0.001,11.474618477252177,88.52538152274782
Town01_T-Intersection,v_13_3,v_14_2,5,0.001,18.847710863513065,81.15228913648693
Town01_T-Intersection,v_13_3,v_14_3,10,0.7651727292987018,4.155045970856463,95.84495402914354
Town01_T-Intersection,v_13_3,v_14_3,15,0.5476117440728969,2.7700306472376415,97.22996935276235
Town01_T-Intersection,v_13_3,v_14_3,20,0.18523019140503483,2.0775229854282316,97.92247701457177
Town01_T-Intersection,v_13_3,v_14_3,25,0.5046074863180973,1.662018388342585,98.33798161165741
Town01_T-Intersection,v_13_3,v_14_3,30,0.5006209955379849,1.3850153236188207,98.61498467638118
Town01_T-Intersection,v_13_3,v_14_3,5,0.6302511724965668,8.310091941712926,91.68990805828707
Town01_T-Intersection,v_13_3,v_14_5,10,0.1953439080876162,23.718585807601524,76.28141419239847
Town01_T-Intersection,v_13_3,v_14_5,15,0.23750524961121267,22.479057205067683,77.52094279493232
Town01_T-Intersection,v_13_3,v_14_5,20,0.8240004574047016,21.85929290380076,78.14070709619924
Town01_T-Intersection,v_13_3,v_14_5,25,0.2483684503397013,21.48743432304061,78.51256567695938
Town01_T-Intersection,v_13_3,v_14_5,30,0.1677950703961699,21.23952860253384,78.76047139746616
Town01_T-Intersection,v_13_3,v_14_5,5,0.48233797971467407,27.437171615203045,72.56282838479696
Town01_T-Intersection,v_13_3,v_14_6,10,0.001,33.56359589939745,66.43640410060254
Town01_T-Intersection,v_13_3,v_14_6,15,0.001,32.3757305995983,67.6242694004017
Town01_T-Intersection,v_13_3,v_14_6,20,0.001,31.781797949698724,68.21820205030127
Town01_T-Intersection,v_13_3,v_14_6,25,0.001,31.425438359758978,68.57456164024103
Town01_T-Intersection,v_13_3,v_14_6,30,0.001,31.18786529979915,68.81213470020086
Town01_T-Intersection,v_13_3,v_14_6,5,0.001,37.1271917987949,62.8728082012051
Town01_T-Intersection,v_13_3,v_14_4,10,0.001,13.917980757149056,86.08201924285095
Town01_T-Intersection,v_13_3,v_14_4,15,0.001,12.611987171432705,87.3880128285673
Town01_T-Intersection,v_13_3,v_14_4,20,0.001,11.958990378574528,88.04100962142547
Town01_T-Intersection,v_13_3,v_14_4,25,0.001,11.567192302859622,88.43280769714038
Town01_T-Intersection,v_13_3,v_14_4,30,0.001,11.305993585716353,88.69400641428365
Town01_T-Intersection,v_13_3,v_14_4,5,0.001,17.835961514298113,82.1640384857019
Town01_T-Intersection,v_13_3,v_14_7,10,0.30947639311316205,43.460359732145925,56.539640267854075
Town01_T-Intersection,v_13_3,v_14_7,15,0.932634565534178,42.30690648809728,57.69309351190272
Town01_T-Intersection,v_13_3,v_14_7,20,0.38654453776696895,41.730179866072966,58.269820133927034
Town01_T-Intersection,v_13_3,v_14_7,25,0.7293349969373877,41.38414389285837,58.61585610714163
Town01_T-Intersection,v_13_3,v_14_7,30,0.8500611428552743,41.15345324404864,58.84654675595136
Town01_T-Intersection,v_13_3,v_14_7,5,0.5153204119772306,46.92071946429185,53.07928053570815
Town01_T-Intersection,v_4_7,v_5_1,10,0.60912168540171,64.4633053712373,35.5366946287627
Town01_T-Intersection,v_4_7,v_5_1,15,0.8971392256163405,62.9755369141582,37.0244630858418
Town01_T-Intersection,v_4_7,v_5_1,20,0.11875207565671254,62.23165268561865,37.76834731438135
Town01_T-Intersection,v_4_7,v_5_1,25,0.4695333548092716,61.78532214849492,38.21467785150508
Town01_T-Intersection,v_4_7,v_5_1,30,0.5238573668504772,61.4877684570791,38.5122315429209
Town01_T-Intersection,v_4_7,v_5_1,5,0.4273896500917409,68.9266107424746,31.073389257525406
Town01_T-Intersection,v_4_7,v_5_2,10,0.001,54.20938738927779,45.79061261072221
Town01_T-Intersection,v_4_7,v_5_2,15,0.001,52.80625825951853,47.19374174048147
Town01_T-Intersection,v_4_7,v_5_2,20,0.001,52.1046936946389,47.8953063053611
Town01_T-Intersection,v_4_7,v_5_2,25,0.001,51.683754955711116,48.316245044288884
Town01_T-Intersection,v_4_7,v_5_2,30,0.001,51.403129129759265,48.596870870240735
Town01_T-Intersection,v_4_7,v_5_2,5,0.001,58.41877477855559,41.58122522144441
Town01_T-Intersection,v_4_7,v_5_4,10,0.4622781157873639,33.825035536041696,66.1749644639583
Town01_T-Intersection,v_4_7,v_5_4,15,0.1859626768003197,32.55002369069446,67.44997630930554
Town01_T-Intersection,v_4_7,v_5_4,20,0.45736322546580777,31.912517768020848,68.08748223197915
Town01_T-Intersection,v_4_7,v_5_4,25,0.27275849452511985,31.530014214416678,68.46998578558332
Town01_T-Intersection,v_4_7,v_5_4,30,0.4001531838589668,31.27501184534723,68.72498815465278
Town01_T-Intersection,v_4_7,v_5_4,5,0.10155405711747424,37.650071072083385,62.349928927916615
Town01_T-Intersection,v_4_7,v_5_5,10,0.001,23.700864246166645,76.29913575383335
Town01_T-Intersection,v_4_7,v_5_5,15,0.001,22.467242830777764,77.53275716922224
Town01_T-Intersection,v_4_7,v_5_5,20,0.001,21.850432123083323,78.14956787691668
Town01_T-Intersection,v_4_7,v_5_5,25,0.001,21.48034569846666,78.51965430153334
Town01_T-Intersection,v_4_7,v_5_5,30,0.001,21.233621415388882,78.76637858461112
Town01_T-Intersection,v_4_7,v_5_5,5,0.001,27.401728492333294,72.59827150766671
Town01_T-Intersection,v_4_7,v_5_6,10,0.3196310640924838,13.625349353736754,86.37465064626325
Town01_T-Intersection,v_4_7,v_5_6,15,0.6058099532221137,12.416899569157835,87.58310043084217
Town01_T-Intersection,v_4_7,v_5_6,20,0.6905567142873706,11.812674676868376,88.18732532313163
Town01_T-Intersection,v_4_7,v_5_6,25,0.30240775027886463,11.4501397414947,88.5498602585053
Town01_T-Intersection,v_4_7,v_5_6,30,0.7973599456517301,11.208449784578917,88.79155021542108
Town01_T-Intersection,v_4_7,v_5_6,5,0.9699735102122687,17.250698707473507,82.7493012925265
Town01_T-Intersection,v_4_7,v_5_3,10,0.001,43.99552542704073,56.00447457295927
Town01_T-Intersection,v_4_7,v_5_3,15,0.001,42.66368361802715,57.33631638197285
Town01_T-Intersection,v_4_7,v_5_3,20,0.001,41.997762713520366,58.002237286479634
Town01_T-Intersection,v_4_7,v_5_3,25,0.001,41.598210170816294,58.401789829183706
Town01_T-Intersection,v_4_7,v_5_3,30,0.001,41.331841809013575,58.668158190986425
Town01_T-Intersection,v_4_7,v_5_3,5,0.001,47.99105085408146,52.00894914591854
Town01_T-Intersection,v_4_7,v_5_7,10,0.001,3.6000000117862085,96.39999998821379
Town01_T-Intersection,v_4_7,v_5_7,15,0.001,2.4000000078574724,97.59999999214253
Town01_T-Intersection,v_4_7,v_5_7,20,0.001,1.8000000058931043,98.19999999410689
Town01_T-Intersection,v_4_7,v_5_7,25,0.001,1.4400000047144834,98.55999999528552
Town01_T-Intersection,v_4_7,v_5_7,30,0.001,1.2000000039287362,98.79999999607126
Town01_T-Intersection,v_4_7,v_5_7,5,0.001,7.200000023572417,92.79999997642759
Town01_T-Intersection,v_1_1,v_2_4,10,0.49030981227213644,33.82499936476806,66.17500063523194
Town01_T-Intersection,v_1_1,v_2_4,15,0.9621363194967193,32.549999576512036,67.45000042348796
Town01_T-Intersection,v_1_1,v_2_4,20,0.567362891959367,31.91249968238403,68.08750031761596
Town01_T-Intersection,v_1_1,v_2_4,25,0.22629960362654594,31.529999745907222,68.47000025409278
Town01_T-Intersection,v_1_1,v_2_4,30,0.6364536204853389,31.274999788256018,68.72500021174397
Town01_T-Intersection,v_1_1,v_2_4,5,0.7591362409541929,37.649998729536115,62.350001270463885
Town01_T-Intersection,v_1_1,v_2_6,10,0.747113262275086,54.20934707760907,45.79065292239093
Town01_T-Intersection,v_1_1,v_2_6,15,0.6222189376183354,52.80623138507271,47.19376861492729
Town01_T-Intersection,v_1_1,v_2_6,20,0.8341691409334596,52.10467353880453,47.89532646119547
Town01_T-Intersection,v_1_1,v_2_6,25,0.7663741700751078,51.68373883104363,48.31626116895637
Town01_T-Intersection,v_1_1,v_2_6,30,0.24602392260230616,51.40311569253635,48.59688430746365
Town01_T-Intersection,v_1_1,v_2_6,5,0.6869149071742682,58.41869415521813,41.58130584478187
Town01_T-Intersection,v_1_1,v_2_2,10,0.001,13.625318607358086,86.37468139264192
Town01_T-Intersection,v_1_1,v_2_2,15,0.001,12.416879071572058,87.58312092842795
Town01_T-Intersection,v_1_1,v_2_2,20,0.001,11.812659303679043,88.18734069632096
Town01_T-Intersection,v_1_1,v_2_2,25,0.001,11.450127442943234,88.54987255705677
Town01_T-Intersection,v_1_1,v_2_2,30,0.001,11.20843953578603,88.79156046421397
Town01_T-Intersection,v_1_1,v_2_2,5,0.001,17.25063721471617,82.74936278528384
Town01_T-Intersection,v_1_1,v_2_7,10,0.79816635778466,64.46326332639028,35.536736673609724
Town01_T-Intersection,v_1_1,v_2_7,15,0.874969019070601,62.97550888426018,37.02449111573982
Town01_T-Intersection,v_1_1,v_2_7,20,0.542108625007722,62.23163166319514,37.76836833680486
Town01_T-Intersection,v_1_1,v_2_7,25,0.6307737319247535,61.785305330556106,38.214694669443894
Town01_T-Intersection,v_1_1,v_2_7,30,0.538952892419341,61.48775444213009,38.51224555786991
Town01_T-Intersection,v_1_1,v_2_7,5,0.3606908108952449,68.92652665278054,31.073473347219462
Town01_T-Intersection,v_1_1,v_2_3,10,0.001,23.700830604597954,76.29916939540205
Town01_T-Intersection,v_1_1,v_2_3,15,0.001,22.4672204030653,77.5327795969347
Town01_T-Intersection,v_1_1,v_2_3,20,0.001,21.850415302298977,78.14958469770102
Town01_T-Intersection,v_1_1,v_2_3,25,0.001,21.480332241839182,78.51966775816082
Town01_T-Intersection,v_1_1,v_2_3,30,0.001,21.23361020153265,78.76638979846734
Town01_T-Intersection,v_1_1,v_2_3,5,0.001,27.401661209195904,72.59833879080409
Town01_T-Intersection,v_1_1,v_2_5,10,0.9484473528675322,43.99548704615356,56.00451295384644
Town01_T-Intersection,v_1_1,v_2_5,15,0.6930514311672236,42.66365803076904,57.33634196923096
Town01_T-Intersection,v_1_1,v_2_5,20,0.6747900670425715,41.997743523076785,58.002256476923215
Town01_T-Intersection,v_1_1,v_2_5,25,0.6806120630876015,41.59819481846142,58.40180518153858
Town01_T-Intersection,v_1_1,v_2_5,30,0.6960775412642298,41.33182901538452,58.66817098461548
Town01_T-Intersection,v_1_1,v_2_5,5,0.959849433139589,47.990974092307134,52.009025907692866
Town01_T-Intersection,v_1_1,v_2_1,10,0.001,3.5999725464013954,96.40002745359861
Town01_T-Intersection,v_1_1,v_2_1,15,0.001,2.39998169760093,97.60001830239906
Town01_T-Intersection,v_1_1,v_2_1,20,0.001,1.7999862732006977,98.2000137267993
Town01_T-Intersection,v_1_1,v_2_1,25,0.001,1.4399890185605582,98.56001098143945
Town01_T-Intersection,v_1_1,v_2_1,30,0.001,1.199990848800465,98.80000915119953
Town01_T-Intersection,v_1_1,v_2_1,5,0.001,7.199945092802791,92.80005490719721
Town01_T-Intersection,v_1_3,v_2_4,10,0.001,13.625329517216594,86.3746704827834
Town01_T-Intersection,v_1_3,v_2_4,15,0.001,12.416886344811061,87.58311365518894
Town01_T-Intersection,v_1_3,v_2_4,20,0.001,11.812664758608296,88.18733524139171
Town01_T-Intersection,v_1_3,v_2_4,25,0.001,11.450131806886638,88.54986819311335
Town01_T-Intersection,v_1_3,v_2_4,30,0.001,11.20844317240553,88.79155682759446
Town01_T-Intersection,v_1_3,v_2_4,5,0.001,17.250659034433188,82.74934096556682
Town01_T-Intersection,v_1_3,v_2_6,10,0.7013803602410014,33.82500968995542,66.17499031004458
Town01_T-Intersection,v_1_3,v_2_6,15,0.9027769483636966,32.550006459970284,67.44999354002971
Town01_T-Intersection,v_1_3,v_2_6,20,0.5349005098820122,31.91250484497771,68.08749515502228
Town01_T-Intersection,v_1_3,v_2_6,25,0.15838499095573247,31.530003875982167,68.46999612401783
Town01_T-Intersection,v_1_3,v_2_6,30,0.820814251469901,31.275003229985142,68.72499677001485
Town01_T-Intersection,v_1_3,v_2_6,5,0.4558794119321127,37.650019379910844,62.349980620089156
Town01_T-Intersection,v_1_3,v_2_2,10,0.6294141071748076,13.625325652222605,86.3746743477774
Town01_T-Intersection,v_1_3,v_2_2,15,0.8442018853590278,12.416883768148402,87.58311623185159
Town01_T-Intersection,v_1_3,v_2_2,20,0.4360173877202722,11.812662826111303,88.1873371738887
Town01_T-Intersection,v_1_3,v_2_2,25,0.18346776314907529,11.450130260889042,88.54986973911096
Town01_T-Intersection,v_1_3,v_2_2,30,0.7543521897606507,11.208441884074201,88.7915581159258
Town01_T-Intersection,v_1_3,v_2_2,5,0.6399650680978476,17.25065130444521,82.74934869555479
Town01_T-Intersection,v_1_3,v_2_7,10,0.001,43.995496899155704,56.004503100844296
Town01_T-Intersection,v_1_3,v_2_7,15,0.001,42.66366459943713,57.33633540056287
Town01_T-Intersection,v_1_3,v_2_7,20,0.001,41.997748449577855,58.002251550422145
Town01_T-Intersection,v_1_3,v_2_7,25,0.001,41.59819875966228,58.40180124033772
Town01_T-Intersection,v_1_3,v_2_7,30,0.001,41.33183229971857,58.66816770028143
Town01_T-Intersection,v_1_3,v_2_7,5,0.001,47.99099379831141,52.00900620168859
Town01_T-Intersection,v_1_3,v_2_3,10,0.001,3.599983532729425,96.40001646727058
Town01_T-Intersection,v_1_3,v_2_3,15,0.001,2.3999890218196165,97.60001097818038
Town01_T-Intersection,v_1_3,v_2_3,20,0.001,1.7999917663647125,98.20000823363529
Town01_T-Intersection,v_1_3,v_2_3,25,0.001,1.43999341309177,98.56000658690823
Town01_T-Intersection,v_1_3,v_2_3,30,0.001,1.1999945109098082,98.8000054890902
Town01_T-Intersection,v_1_3,v_2_3,5,0.001,7.19996706545885,92.80003293454115
Town01_T-Intersection,v_1_3,v_2_5,10,0.001,23.700841289795555,76.29915871020444
Town01_T-Intersection,v_1_3,v_2_5,15,0.001,22.46722752653037,77.53277247346963
Town01_T-Intersection,v_1_3,v_2_5,20,0.001,21.850420644897778,78.14957935510222
Town01_T-Intersection,v_1_3,v_2_5,25,0.001,21.48033651591822,78.51966348408178
Town01_T-Intersection,v_1_3,v_2_5,30,0.001,21.233613763265183,78.76638623673482
Town01_T-Intersection,v_1_3,v_2_5,5,0.001,27.401682579591107,72.59831742040889
Town01_T-Intersection,v_1_3,v_2_1,10,0.49189341170738987,23.700833750262245,76.29916624973775
Town01_T-Intersection,v_1_3,v_2_1,15,0.3780030633564503,22.467222500174827,77.53277749982517
Town01_T-Intersection,v_1_3,v_2_1,20,0.15916375016414192,21.85041687513112,78.14958312486888
Town01_T-Intersection,v_1_3,v_2_1,25,0.27975742478689514,21.480333500104898,78.5196664998951
Town01_T-Intersection,v_1_3,v_2_1,30,0.5974813859516617,21.233611250087414,78.76638874991258
Town01_T-Intersection,v_1_3,v_2_1,5,0.8062056963864754,27.40166750052449,72.5983324994755
Town01_T-Intersection,v_13_4,v_14_1,10,0.001,34.60283608942192,65.39716391057809
Town01_T-Intersection,v_13_4,v_14_1,15,0.001,33.068557392947945,66.93144260705205
Town01_T-Intersection,v_13_4,v_14_1,20,0.001,32.301418044710964,67.69858195528903
Town01_T-Intersection,v_13_4,v_14_1,25,0.001,31.84113443576877,68.15886556423123
Town01_T-Intersection,v_13_4,v_14_1,30,0.001,31.534278696473972,68.46572130352602
Town01_T-Intersection,v_13_4,v_14_1,5,0.001,39.20567217884384,60.79432782115616
Town01_T-Intersection,v_13_4,v_14_2,10,0.8183847195373782,24.276626532624295,75.72337346737571
Town01_T-Intersection,v_13_4,v_14_2,15,0.9047275401840229,22.85108435508286,77.14891564491714
Town01_T-Intersection,v_13_4,v_14_2,20,0.5532788224390709,22.138313266312146,77.86168673368786
Town01_T-Intersection,v_13_4,v_14_2,25,0.32899375635443157,21.71065061304972,78.28934938695028
Town01_T-Intersection,v_13_4,v_14_2,30,0.5970358287933946,21.42554217754143,78.57445782245857
Town01_T-Intersection,v_13_4,v_14_2,5,0.6527076520113724,28.55325306524859,71.44674693475142
Town01_T-Intersection,v_13_4,v_14_3,10,0.001,13.974220998869663,86.02577900113033
Town01_T-Intersection,v_13_4,v_14_3,15,0.001,12.649480665913108,87.3505193340869
Town01_T-Intersection,v_13_4,v_14_3,20,0.001,11.987110499434833,88.01288950056517
Town01_T-Intersection,v_13_4,v_14_3,25,0.001,11.589688399547866,88.41031160045213
Town01_T-Intersection,v_13_4,v_14_3,30,0.001,11.324740332956555,88.67525966704345
Town01_T-Intersection,v_13_4,v_14_3,5,0.001,17.948441997739327,82.05155800226068
Town01_T-Intersection,v_13_4,v_14_5,10,0.8326857821798623,13.462581612085419,86.53741838791458
Town01_T-Intersection,v_13_4,v_14_5,15,0.7397875534538323,12.30838774139028,87.69161225860972
Town01_T-Intersection,v_13_4,v_14_5,20,0.32950380314365063,11.73129080604271,88.26870919395729
Town01_T-Intersection,v_13_4,v_14_5,25,0.6443937720320445,11.385032644834167,88.61496735516583
Town01_T-Intersection,v_13_4,v_14_5,30,0.492622158781876,11.15419387069514,88.84580612930486
Town01_T-Intersection,v_13_4,v_14_5,5,0.7752551997619624,16.925163224170838,83.07483677582917
Town01_T-Intersection,v_13_4,v_14_6,10,0.001,23.267147916348925,76.73285208365107
Town01_T-Intersection,v_13_4,v_14_6,15,0.001,22.178098610899283,77.82190138910072
Town01_T-Intersection,v_13_4,v_14_6,20,0.001,21.633573958174463,78.36642604182553
Town01_T-Intersection,v_13_4,v_14_6,25,0.001,21.30685916653957,78.69314083346043
Town01_T-Intersection,v_13_4,v_14_6,30,0.001,21.08904930544964,78.91095069455037
Town01_T-Intersection,v_13_4,v_14_6,5,0.001,26.53429583269785,73.46570416730215
Town01_T-Intersection,v_13_4,v_14_4,10,0.001,3.70077590113236,96.29922409886764
Town01_T-Intersection,v_13_4,v_14_4,15,0.001,2.4671839340882395,97.53281606591176
Town01_T-Intersection,v_13_4,v_14_4,20,0.001,1.85038795056618,98.14961204943381
Town01_T-Intersection,v_13_4,v_14_4,25,0.001,1.480310360452944,98.51968963954705
Town01_T-Intersection,v_13_4,v_14_4,30,0.001,1.2335919670441198,98.76640803295588
Town01_T-Intersection,v_13_4,v_14_4,5,0.001,7.40155180226472,92.59844819773528
Town01_T-Intersection,v_13_4,v_14_7,10,0.001,33.12313067022598,66.87686932977402
Town01_T-Intersection,v_13_4,v_14_7,15,0.001,32.08208711348399,67.917912886516
Town01_T-Intersection,v_13_4,v_14_7,20,0.001,31.56156533511299,68.43843466488701
Town01_T-Intersection,v_13_4,v_14_7,25,0.001,31.249252268090395,68.7507477319096
Town01_T-Intersection,v_13_4,v_14_7,30,0.001,31.041043556741997,68.958956443258
Town01_T-Intersection,v_13_4,v_14_7,5,0.001,36.24626134045197,63.75373865954803
Town01_T-Intersection,v_4_6,v_5_1,10,0.001,54.20938738927779,45.79061261072221
Town01_T-Intersection,v_4_6,v_5_1,15,0.001,52.80625825951853,47.19374174048147
Town01_T-Intersection,v_4_6,v_5_1,20,0.001,52.1046936946389,47.8953063053611
Town01_T-Intersection,v_4_6,v_5_1,25,0.001,51.683754955711116,48.316245044288884
Town01_T-Intersection,v_4_6,v_5_1,30,0.001,51.403129129759265,48.596870870240735
Town01_T-Intersection,v_4_6,v_5_1,5,0.001,58.418774778555594,41.581225221444406
Town01_T-Intersection,v_4_6,v_5_2,10,0.8402498967293315,43.99552542704073,56.00447457295927
Town01_T-Intersection,v_4_6,v_5_2,15,0.7283134615401473,42.66368361802715,57.33631638197285
Town01_T-Intersection,v_4_6,v_5_2,20,0.8307259864669018,41.997762713520366,58.002237286479634
Town01_T-Intersection,v_4_6,v_5_2,25,0.34631514046007594,41.598210170816294,58.401789829183706
Town01_T-Intersection,v_4_6,v_5_2,30,0.6145561059727963,41.331841809013575,58.668158190986425
Town01_T-Intersection,v_4_6,v_5_2,5,0.9486580040177452,47.99105085408146,52.00894914591854
Town01_T-Intersection,v_4_6,v_5_4,10,0.001,23.700864246166645,76.29913575383335
Town01_T-Intersection,v_4_6,v_5_4,15,0.001,22.467242830777764,77.53275716922224
Town01_T-Intersection,v_4_6,v_5_4,20,0.001,21.850432123083323,78.14956787691668
Town01_T-Intersection,v_4_6,v_5_4,25,0.001,21.48034569846666,78.51965430153334
Town01_T-Intersection,v_4_6,v_5_4,30,0.001,21.233621415388882,78.76637858461112
Town01_T-Intersection,v_4_6,v_5_4,5,0.001,27.401728492333294,72.59827150766671
Town01_T-Intersection,v_4_6,v_5_5,10,0.2155184396542418,13.625349353736741,86.37465064626326
Town01_T-Intersection,v_4_6,v_5_5,15,0.21896253203907995,12.416899569157827,87.58310043084217
Town01_T-Intersection,v_4_6,v_5_5,20,0.8698416568247546,11.81267467686837,88.18732532313163
Town01_T-Intersection,v_4_6,v_5_5,25,0.6363580776596455,11.450139741494697,88.5498602585053
Town01_T-Intersection,v_4_6,v_5_5,30,0.2802698775001522,11.208449784578914,88.79155021542108
Town01_T-Intersection,v_4_6,v_5_5,5,0.9735683165113921,17.250698707473482,82.74930129252652
Town01_T-Intersection,v_4_6,v_5_6,10,0.18628331626919387,3.6000000117862085,96.39999998821379
Town01_T-Intersection,v_4_6,v_5_6,15,0.6147478563935258,2.4000000078574724,97.59999999214253
Town01_T-Intersection,v_4_6,v_5_6,20,0.7490609153680616,1.8000000058931043,98.19999999410689
Town01_T-Intersection,v_4_6,v_5_6,25,0.17956044854890107,1.4400000047144834,98.55999999528552
Town01_T-Intersection,v_4_6,v_5_6,30,0.5295063830871564,1.2000000039287362,98.79999999607126
Town01_T-Intersection,v_4_6,v_5_6,5,0.734322744178474,7.200000023572417,92.79999997642759
Town01_T-Intersection,v_4_6,v_5_3,10,0.27457877441109707,33.82503553604168,66.17496446395832
Town01_T-Intersection,v_4_6,v_5_3,15,0.9208641294936434,32.55002369069445,67.44997630930555
Town01_T-Intersection,v_4_6,v_5_3,20,0.7215013830047454,31.91251776802084,68.08748223197915
Town01_T-Intersection,v_4_6,v_5_3,25,0.8759286430923534,31.530014214416674,68.46998578558333
Town01_T-Intersection,v_4_6,v_5_3,30,0.12154068382562826,31.275011845347226,68.72498815465278
Town01_T-Intersection,v_4_6,v_5_3,5,0.8878842602309392,37.650071072083364,62.349928927916636
Town01_T-Intersection,v_4_6,v_5_7,10,0.001,13.62533854445432,86.37466145554568
Town01_T-Intersection,v_4_6,v_5_7,15,0.001,12.416892362969545,87.58310763703045
Town01_T-Intersection,v_4_6,v_5_7,20,0.001,11.81266927222716,88.18733072777285
Town01_T-Intersection,v_4_6,v_5_7,25,0.001,11.450135417781727,88.54986458221828
Town01_T-Intersection,v_4_6,v_5_7,30,0.001,11.208446181484772,88.79155381851523
Town01_T-Intersection,v_4_6,v_5_7,5,0.001,17.25067708890864,82.74932291109135
Town01_T-Intersection,v_13_5,v_14_1,10,0.4376424788155717,44.52957846847565,55.47042153152435
Town01_T-Intersection,v_13_5,v_14_1,15,0.36803286281405245,43.01971897898377,56.98028102101623
Town01_T-Intersection,v_13_5,v_14_1,20,0.21255344180142471,42.264789234237824,57.735210765762176
Town01_T-Intersection,v_13_5,v_14_1,25,0.8134264633595021,41.811831387390264,58.188168612609736
Town01_T-Intersection,v_13_5,v_14_1,30,0.7935815803797572,41.50985948949188,58.49014051050812
Town01_T-Intersection,v_13_5,v_14_1,5,0.5674166183642909,49.059156936951304,50.940843063048696
Town01_T-Intersection,v_13_5,v_14_2,10,0.001,34.17313616001305,65.82686383998694
Town01_T-Intersection,v_13_5,v_14_2,15,0.001,32.782090773342034,67.21790922665797
Town01_T-Intersection,v_13_5,v_14_2,20,0.001,32.08656808000652,67.91343191999349
Town01_T-Intersection,v_13_5,v_14_2,25,0.001,31.66925446400522,68.33074553599478
Town01_T-Intersection,v_13_5,v_14_2,30,0.001,31.391045386671017,68.60895461332899
Town01_T-Intersection,v_13_5,v_14_2,5,0.001,38.3462723200261,61.6537276799739
Town01_T-Intersection,v_13_5,v_14_3,10,0.001,23.836995492290164,76.16300450770984
Town01_T-Intersection,v_13_5,v_14_3,15,0.001,22.55799699486011,77.4420030051399
Town01_T-Intersection,v_13_5,v_14_3,20,0.001,21.918497746145082,78.08150225385492
Town01_T-Intersection,v_13_5,v_14_3,25,0.001,21.534798196916064,78.46520180308394
Town01_T-Intersection,v_13_5,v_14_3,30,0.001,21.278998497430056,78.72100150256995
Town01_T-Intersection,v_13_5,v_14_3,5,0.001,27.67399098458033,72.32600901541967
Town01_T-Intersection,v_13_5,v_14_5,10,0.6972631472502497,3.246873411169112,96.7531265888309
Town01_T-Intersection,v_13_5,v_14_5,15,0.48662046117530433,2.164582274112741,97.83541772588725
Town01_T-Intersection,v_13_5,v_14_5,20,0.2228791671763377,1.623436705584556,98.37656329441545
Town01_T-Intersection,v_13_5,v_14_5,25,0.6150117406473623,1.2987493644676449,98.70125063553236
Town01_T-Intersection,v_13_5,v_14_5,30,0.11611993571492253,1.0822911370563706,98.91770886294363
Town01_T-Intersection,v_13_5,v_14_5,5,0.7574513356922066,6.493746822338224,93.50625317766178
Town01_T-Intersection,v_13_5,v_14_6,10,0.001,13.00723867808436,86.99276132191564
Town01_T-Intersection,v_13_5,v_14_6,15,0.001,12.004825785389572,87.99517421461043
Town01_T-Intersection,v_13_5,v_14_6,20,0.001,11.50361933904218,88.49638066095783
Town01_T-Intersection,v_13_5,v_14_6,25,0.001,11.202895471233743,88.79710452876625
Town01_T-Intersection,v_13_5,v_14_6,30,0.001,11.002412892694785,88.99758710730521
Town01_T-Intersection,v_13_5,v_14_6,5,0.001,16.01447735616872,83.98552264383127
Town01_T-Intersection,v_13_5,v_14_4,10,0.001,13.526125637747022,86.47387436225299
Town01_T-Intersection,v_13_5,v_14_4,15,0.001,12.350750425164682,87.64924957483532
Town01_T-Intersection,v_13_5,v_14_4,20,0.001,11.763062818873511,88.23693718112649
Town01_T-Intersection,v_13_5,v_14_4,25,0.001,11.410450255098809,88.58954974490119
Town01_T-Intersection,v_13_5,v_14_4,30,0.001,11.17537521258234,88.82462478741766
Town01_T-Intersection,v_13_5,v_14_4,5,0.001,17.052251275494044,82.94774872450596
Town01_T-Intersection,v_13_5,v_14_7,10,0.9029394583228838,22.817046797953992,77.18295320204601
Town01_T-Intersection,v_13_5,v_14_7,15,0.604135351047999,21.878031198635995,78.121968801364
Town01_T-Intersection,v_13_5,v_14_7,20,0.4512831337471054,21.408523398976996,78.591476601023
Town01_T-Intersection,v_13_5,v_14_7,25,0.8550443032967492,21.126818719181596,78.8731812808184
Town01_T-Intersection,v_13_5,v_14_7,30,0.737165283387743,20.939015599317997,79.060984400682
Town01_T-Intersection,v_13_5,v_14_7,5,0.23983233688053598,25.634093595907988,74.36590640409202
Town01_T-Intersection,v_12_6,v_13_6,10,0.8984075937684227,3.520357798928331,96.47964220107167
Town01_T-Intersection,v_12_6,v_13_6,15,0.7765514290680301,2.346905199285554,97.65309480071444
Town01_T-Intersection,v_12_6,v_13_6,20,0.3697240421060598,1.7601788994641654,98.23982110053583
Town01_T-Intersection,v_12_6,v_13_6,25,0.9290884311891452,1.4081431195713323,98.59185688042867
Town01_T-Intersection,v_12_6,v_13_6,30,0.24106711025713273,1.173452599642777,98.82654740035723
Town01_T-Intersection,v_12_6,v_13_6,5,0.9444547631146724,7.040715597856662,92.95928440214334
Town01_T-Intersection,v_12_6,v_13_7,10,0.001,13.418581529727899,86.5814184702721
Town01_T-Intersection,v_12_6,v_13_7,15,0.001,12.279054353151931,87.72094564684807
Town01_T-Intersection,v_12_6,v_13_7,20,0.001,11.70929076486395,88.29070923513605
Town01_T-Intersection,v_12_6,v_13_7,25,0.001,11.367432611891159,88.63256738810884
Town01_T-Intersection,v_12_6,v_13_7,30,0.001,11.139527176575966,88.86047282342403
Town01_T-Intersection,v_12_6,v_13_7,5,0.001,16.837163059455797,83.1628369405442
Town01_T-Intersection,v_12_6,v_13_2,10,0.001,44.37088142173982,55.62911857826018
Town01_T-Intersection,v_12_6,v_13_2,15,0.001,42.91392094782654,57.08607905217346
Town01_T-Intersection,v_12_6,v_13_2,20,0.001,42.185440710869905,57.814559289130095
Town01_T-Intersection,v_12_6,v_13_2,25,0.001,41.74835256869593,58.25164743130407
Town01_T-Intersection,v_12_6,v_13_2,30,0.001,41.45696047391327,58.54303952608673
Town01_T-Intersection,v_12_6,v_13_2,5,0.001,48.74176284347963,51.25823715652037
Town01_T-Intersection,v_12_6,v_13_1,10,0.001,54.67329231914572,45.32670768085428
Town01_T-Intersection,v_12_6,v_13_1,15,0.001,53.11552821276381,46.88447178723619
Town01_T-Intersection,v_12_6,v_13_1,20,0.001,52.336646159572865,47.663353840427135
Town01_T-Intersection,v_12_6,v_13_1,25,0.001,51.86931692765829,48.13068307234171
Town01_T-Intersection,v_12_6,v_13_1,30,0.001,51.55776410638191,48.44223589361809
Town01_T-Intersection,v_12_6,v_13_1,5,0.001,59.346584638291446,40.653415361708554
Town01_T-Intersection,v_12_6,v_13_3,10,0.001,34.10019570686223,65.89980429313778
Town01_T-Intersection,v_12_6,v_13_3,15,0.001,32.73346380457482,67.26653619542518
Town01_T-Intersection,v_12_6,v_13_3,20,0.001,32.05009785343111,67.94990214656889
Town01_T-Intersection,v_12_6,v_13_3,25,0.001,31.64007828274489,68.3599217172551
Town01_T-Intersection,v_12_6,v_13_3,30,0.001,31.36673190228741,68.63326809771259
Town01_T-Intersection,v_12_6,v_13_3,5,0.001,38.20039141372446,61.79960858627554
Town01_T-Intersection,v_12_6,v_13_4,10,0.47856632685000944,23.865341315968806,76.1346586840312
Town01_T-Intersection,v_12_6,v_13_4,15,0.7597449431228352,22.57689421064587,77.42310578935412
Town01_T-Intersection,v_12_6,v_13_4,20,0.27973349067524955,21.932670657984403,78.0673293420156
Town01_T-Intersection,v_12_6,v_13_4,25,0.5338930914964017,21.546136526387524,78.45386347361247
Town01_T-Intersection,v_12_6,v_13_4,30,0.726054550299919,21.288447105322934,78.71155289467707
Town01_T-Intersection,v_12_6,v_13_4,5,0.984189041745682,27.730682631937615,72.26931736806239
Town01_T-Intersection,v_12_6,v_13_5,10,0.8085412154442612,13.670625009487004,86.329374990513
Town01_T-Intersection,v_12_6,v_13_5,15,0.2320942371562486,12.447083339658002,87.55291666034199
Town01_T-Intersection,v_12_6,v_13_5,20,0.4009019748552237,11.835312504743502,88.1646874952565
Town01_T-Intersection,v_12_6,v_13_5,25,0.5124507696546822,11.4682500037948,88.5317499962052
Town01_T-Intersection,v_12_6,v_13_5,30,0.8475351387622253,11.223541669829,88.776458330171
Town01_T-Intersection,v_12_6,v_13_5,5,0.5245426818693145,17.34125001897401,82.65874998102599
Town01_T-Intersection,v_1_2,v_2_4,10,0.001,23.700835947196083,76.29916405280392
Town01_T-Intersection,v_1_2,v_2_4,15,0.001,22.467223964797387,77.53277603520262
Town01_T-Intersection,v_1_2,v_2_4,20,0.001,21.85041797359804,78.14958202640196
Town01_T-Intersection,v_1_2,v_2_4,25,0.001,21.480334378878432,78.51966562112156
Town01_T-Intersection,v_1_2,v_2_4,30,0.001,21.233611982398692,78.76638801760132
Town01_T-Intersection,v_1_2,v_2_4,5,0.001,27.401671894392162,72.59832810560783
Town01_T-Intersection,v_1_2,v_2_6,10,0.3360777119512953,43.99549205487832,56.00450794512168
Town01_T-Intersection,v_1_2,v_2_6,15,0.3232430776604237,42.663661369918884,57.336338630081116
Town01_T-Intersection,v_1_2,v_2_6,20,0.8165904505696935,41.99774602743916,58.00225397256084
Town01_T-Intersection,v_1_2,v_2_6,25,0.7303427413988023,41.598196821951326,58.401803178048674
Town01_T-Intersection,v_1_2,v_2_6,30,0.4611696605468212,41.33183068495944,58.66816931504056
Town01_T-Intersection,v_1_2,v_2_6,5,0.28278544170141406,47.990984109756646,52.009015890243354
Town01_T-Intersection,v_1_2,v_2_2,10,0.6637997965487452,3.599978039565395,96.4000219604346
Town01_T-Intersection,v_1_2,v_2_2,15,0.7526972430090187,2.3999853597102634,97.60001464028974
Town01_T-Intersection,v_1_2,v_2_2,20,0.7116936128909204,1.7999890197826975,98.2000109802173
Town01_T-Intersection,v_1_2,v_2_2,25,0.9243532746420274,1.439991215826158,98.56000878417385
Town01_T-Intersection,v_1_2,v_2_2,30,0.8647384800063304,1.1999926798551317,98.80000732014487
Town01_T-Intersection,v_1_2,v_2_2,5,0.7866247470479701,7.19995607913079,92.80004392086921
Town01_T-Intersection,v_1_2,v_2_7,10,0.001,54.20935171383984,45.79064828616016
Town01_T-Intersection,v_1_2,v_2_7,15,0.001,52.80623447589322,47.19376552410678
Town01_T-Intersection,v_1_2,v_2_7,20,0.001,52.10467585691992,47.89532414308008
Town01_T-Intersection,v_1_2,v_2_7,25,0.001,51.68374068553593,48.31625931446407
Town01_T-Intersection,v_1_2,v_2_7,30,0.001,51.40311723794661,48.59688276205339
Town01_T-Intersection,v_1_2,v_2_7,5,0.001,58.41870342767967,41.58129657232033
Town01_T-Intersection,v_1_2,v_2_3,10,0.6855727684895657,13.625324062287058,86.37467593771294
Town01_T-Intersection,v_1_2,v_2_3,15,0.9816241398472861,12.416882708191372,87.58311729180863
Town01_T-Intersection,v_1_2,v_2_3,20,0.9015123294593544,11.812662031143528,88.18733796885647
Town01_T-Intersection,v_1_2,v_2_3,25,0.41974435487992556,11.450129624914823,88.54987037508518
Town01_T-Intersection,v_1_2,v_2_3,30,0.4373713422083172,11.208441354095687,88.79155864590432
Town01_T-Intersection,v_1_2,v_2_3,5,0.1770548290859289,17.250648124574116,82.74935187542589
Town01_T-Intersection,v_1_2,v_2_5,10,0.8559395003683399,33.82500452736126,66.17499547263874
Town01_T-Intersection,v_1_2,v_2_5,15,0.4016753017473649,32.55000301824084,67.44999698175917
Town01_T-Intersection,v_1_2,v_2_5,20,0.48626675216743087,31.91250226368063,68.08749773631936
Town01_T-Intersection,v_1_2,v_2_5,25,0.2178521931009985,31.530001810944505,68.4699981890555
Town01_T-Intersection,v_1_2,v_2_5,30,0.45115494953648316,31.27500150912042,68.72499849087959
Town01_T-Intersection,v_1_2,v_2_5,5,0.9169835306322787,37.65000905472252,62.34999094527748
Town01_T-Intersection,v_1_2,v_2_1,10,0.001,13.625320197292847,86.37467980270715
Town01_T-Intersection,v_1_2,v_2_1,15,0.001,12.416880131528565,87.58311986847144
Town01_T-Intersection,v_1_2,v_2_1,20,0.001,11.812660098646424,88.18733990135358
Town01_T-Intersection,v_1_2,v_2_1,25,0.001,11.450128078917139,88.54987192108285
Town01_T-Intersection,v_1_2,v_2_1,30,0.001,11.208440065764282,88.79155993423572
Town01_T-Intersection,v_1_2,v_2_1,5,0.001,17.250640394585695,82.7493596054143
Town01_T-Intersection,v_2_1,v_3_6,10,0.4250721476310295,54.20937307982625,45.79062692017375
Town01_T-Intersection,v_2_1,v_3_6,15,0.4300280384662516,52.80624871988417,47.19375128011583
Town01_T-Intersection,v_2_1,v_3_6,20,0.40579264638911694,52.104686539913125,47.895313460086875
Town01_T-Intersection,v_2_1,v_3_6,25,0.1657668013850762,51.6837492319305,48.3162507680695
Town01_T-Intersection,v_2_1,v_3_6,30,0.2711144751386904,51.40312435994208,48.59687564005792
Town01_T-Intersection,v_2_1,v_3_6,5,0.6976872684163505,58.41874615965249,41.58125384034751
Town01_T-Intersection,v_2_1,v_3_2,10,0.6892009229202738,13.625346265302742,86.37465373469726
Town01_T-Intersection,v_2_1,v_3_2,15,0.6561045179659001,12.416897510201828,87.58310248979816
Town01_T-Intersection,v_2_1,v_3_2,20,0.7014337866567614,11.812673132651371,88.18732686734863
Town01_T-Intersection,v_2_1,v_3_2,25,0.3903003992571702,11.450138506121096,88.54986149387891
Town01_T-Intersection,v_2_1,v_3_2,30,0.8991891035212363,11.208448755100914,88.79155124489908
Town01_T-Intersection,v_2_1,v_3_2,5,0.3403694154623177,17.250692530605484,82.74930746939452
Town01_T-Intersection,v_2_1,v_3_1,10,0.3650478294601086,3.6000000117725497,96.39999998822745
Town01_T-Intersection,v_2_1,v_3_1,15,0.1957924927317174,2.4000000078483663,97.59999999215164
Town01_T-Intersection,v_2_1,v_3_1,20,0.2796639526751478,1.8000000058862748,98.19999999411372
Town01_T-Intersection,v_2_1,v_3_1,25,0.1043284766551959,1.4400000047090198,98.55999999529098
Town01_T-Intersection,v_2_1,v_3_1,30,0.685652596845982,1.2000000039241832,98.79999999607581
Town01_T-Intersection,v_2_1,v_3_1,5,0.44108276728334905,7.200000023545099,92.7999999764549
Town01_T-Intersection,v_2_1,v_3_7,10,0.412999684829212,64.46328872133212,35.53671127866788
Town01_T-Intersection,v_2_1,v_3_7,15,0.9360407524604708,62.97552581422141,37.02447418577859
Town01_T-Intersection,v_2_1,v_3_7,20,0.9138604298208669,62.23164436066606,37.76835563933394
Town01_T-Intersection,v_2_1,v_3_7,25,0.25124588395371994,61.785315488532845,38.214684511467155
Town01_T-Intersection,v_2_1,v_3_7,30,0.29468640398386226,61.48776290711071,38.51223709288929
Town01_T-Intersection,v_2_1,v_3_7,5,0.41768239004937013,68.92657744266424,31.07342255733576
Town01_T-Intersection,v_2_1,v_3_3,10,0.44015182546111997,23.700858132529397,76.29914186747061
Town01_T-Intersection,v_2_1,v_3_3,15,0.4771627251581009,22.4672387550196,77.5327612449804
Town01_T-Intersection,v_2_1,v_3_3,20,0.9065392014915974,21.8504290662647,78.1495709337353
Town01_T-Intersection,v_2_1,v_3_3,25,0.5804250680915723,21.48034325301176,78.51965674698823
Town01_T-Intersection,v_2_1,v_3_3,30,0.7467495996020331,21.2336193775098,78.7663806224902
Town01_T-Intersection,v_2_1,v_3_3,5,0.4511784403861627,27.4017162650588,72.5982837349412
Town01_T-Intersection,v_2_1,v_3_4,10,0.001,33.82502651657825,66.17497348342175
Town01_T-Intersection,v_2_1,v_3_4,15,0.001,32.550017677718834,67.44998232228116
Town01_T-Intersection,v_2_1,v_3_4,20,0.001,31.912513258289124,68.08748674171088
Town01_T-Intersection,v_2_1,v_3_4,25,0.001,31.5300106066313,68.4699893933687
Town01_T-Intersection,v_2_1,v_3_4,30,0.001,31.275008838859417,68.72499116114058
Town01_T-Intersection,v_2_1,v_3_4,5,0.001,37.650053033156496,62.349946966843504
Town01_T-Intersection,v_2_1,v_3_5,10,0.3956420919485839,43.99551366517545,56.00448633482455
Town01_T-Intersection,v_2_1,v_3_5,15,0.6786195669643225,42.663675776783634,57.336324223216366
Town01_T-Intersection,v_2_1,v_3_5,20,0.12684059369906078,41.997756832587726,58.002243167412274
Town01_T-Intersection,v_2_1,v_3_5,25,0.33143876547061424,41.59820546607018,58.40179453392982
Town01_T-Intersection,v_2_1,v_3_5,30,0.6505505138152387,41.33183788839182,58.66816211160818
Town01_T-Intersection,v_2_1,v_3_5,5,0.6796714340567521,47.9910273303509,52.0089726696491
Town01_T-Intersection,v_20_6,v_21_1,10,0.001,53.60000065720847,46.39999934279153
Town01_T-Intersection,v_20_6,v_21_1,15,0.001,52.40000043813898,47.59999956186102
Town01_T-Intersection,v_20_6,v_21_1,20,0.001,51.800000328604234,48.199999671395766
Town01_T-Intersection,v_20_6,v_21_1,25,0.001,51.44000026288339,48.55999973711661
Town01_T-Intersection,v_20_6,v_21_1,30,0.001,51.20000021906949,48.79999978093051
Town01_T-Intersection,v_20_6,v_21_1,5,0.001,57.20000131441694,42.79999868558306
Town01_T-Intersection,v_18_2,v_19_5,10,0.8885391921672546,33.825055313456566,66.17494468654343
Town01_T-Intersection,v_18_2,v_19_5,15,0.8933154801891316,32.55003687563771,67.44996312436228
Town01_T-Intersection,v_18_2,v_19_5,20,0.849363598835985,31.912527656728283,68.08747234327171
Town01_T-Intersection,v_18_2,v_19_5,25,0.6491711539173665,31.530022125382626,68.46997787461737
Town01_T-Intersection,v_18_2,v_19_5,30,0.795081908649966,31.275018437818854,68.72498156218114
Town01_T-Intersection,v_18_2,v_19_5,5,0.5732888310174978,37.65011062691313,62.34988937308687
Town01_T-Intersection,v_18_2,v_19_7,10,0.36962840159699273,54.20939130457718,45.79060869542282
Town01_T-Intersection,v_18_2,v_19_7,15,0.45646501742682677,52.806260869718116,47.193739130281884
Town01_T-Intersection,v_18_2,v_19_7,20,0.9225910338007502,52.10469565228859,47.89530434771141
Town01_T-Intersection,v_18_2,v_19_7,25,0.45684208236053947,51.68375652183087,48.31624347816913
Town01_T-Intersection,v_18_2,v_19_7,30,0.39544040210661546,51.40313043485906,48.59686956514094
Town01_T-Intersection,v_18_2,v_19_7,5,0.49975969848703083,58.41878260915436,41.58121739084564
Town01_T-Intersection,v_18_2,v_19_1,10,0.12751187103256195,13.625390561227984,86.37460943877201
Town01_T-Intersection,v_18_2,v_19_1,15,0.7392582788076367,12.416927040818656,87.58307295918135
Town01_T-Intersection,v_18_2,v_19_1,20,0.643098976026992,11.812695280613992,88.187304719386
Town01_T-Intersection,v_18_2,v_19_1,25,0.891454708806034,11.450156224491193,88.5498437755088
Town01_T-Intersection,v_18_2,v_19_1,30,0.16091021816100742,11.208463520409328,88.79153647959068
Town01_T-Intersection,v_18_2,v_19_1,5,0.209626722411729,17.25078112245597,82.74921887754402
Town01_T-Intersection,v_18_2,v_19_3,10,0.001,13.62538591156139,86.3746140884386
Town01_T-Intersection,v_18_2,v_19_3,15,0.001,12.416923941040926,87.58307605895908
Town01_T-Intersection,v_18_2,v_19_3,20,0.001,11.812692955780696,88.18730704421931
Town01_T-Intersection,v_18_2,v_19_3,25,0.001,11.450154364624556,88.54984563537545
Town01_T-Intersection,v_18_2,v_19_3,30,0.001,11.208461970520464,88.79153802947954
Town01_T-Intersection,v_18_2,v_19_3,5,0.001,17.25077182312278,82.74922817687722
Town01_T-Intersection,v_18_2,v_19_2,10,0.001,3.60004460929834,96.39995539070166
Town01_T-Intersection,v_18_2,v_19_2,15,0.001,2.4000297395322265,97.59997026046777
Town01_T-Intersection,v_18_2,v_19_2,20,0.001,1.80002230464917,98.19997769535082
Town01_T-Intersection,v_18_2,v_19_2,25,0.001,1.4400178437193358,98.55998215628067
Town01_T-Intersection,v_18_2,v_19_2,30,0.001,1.2000148697661133,98.79998513023389
Town01_T-Intersection,v_18_2,v_19_2,5,0.001,7.20008921859668,92.79991078140333
Town01_T-Intersection,v_18_2,v_19_4,10,0.001,23.700892431972395,76.29910756802761
Town01_T-Intersection,v_18_2,v_19_4,15,0.001,22.46726162131493,77.53273837868507
Town01_T-Intersection,v_18_2,v_19_4,20,0.001,21.850446215986196,78.1495537840138
Town01_T-Intersection,v_18_2,v_19_4,25,0.001,21.480356972788957,78.51964302721105
Town01_T-Intersection,v_18_2,v_19_4,30,0.001,21.233630810657466,78.76636918934253
Town01_T-Intersection,v_18_2,v_19_4,5,0.001,27.40178486394479,72.59821513605522
Town01_T-Intersection,v_18_2,v_19_6,10,0.32766625401662286,43.9955370356982,56.0044629643018
Town01_T-Intersection,v_18_2,v_19_6,15,0.5052761828366608,42.66369135713213,57.33630864286787
Town01_T-Intersection,v_18_2,v_19_6,20,0.17736989238500517,41.9977685178491,58.0022314821509
Town01_T-Intersection,v_18_2,v_19_6,25,0.8485659993010928,41.59821481427928,58.40178518572072
Town01_T-Intersection,v_18_2,v_19_6,30,0.1810952988721862,41.33184567856607,58.66815432143393
Town01_T-Intersection,v_18_2,v_19_6,5,0.691548790151356,47.9910740713964,52.0089259286036
Town01_T-Intersection,v_20_4,v_21_1,10,0.1839465213758058,33.70084806291058,66.29915193708942
Town01_T-Intersection,v_20_4,v_21_1,15,0.10504438064146313,32.467232041940385,67.53276795805962
Town01_T-Intersection,v_20_4,v_21_1,20,0.7968426131425775,31.85042403145529,68.14957596854471
Town01_T-Intersection,v_20_4,v_21_1,25,0.604843982264434,31.480339225164233,68.51966077483577
Town01_T-Intersection,v_20_4,v_21_1,30,0.48059602469062124,31.233616020970192,68.76638397902981
Town01_T-Intersection,v_20_4,v_21_1,5,0.7752148202961612,37.40169612582116,62.59830387417884
Town01_T-Intersection,v_19_5,v_20_6,10,0.001,13.625336043119113,86.37466395688088
Town01_T-Intersection,v_19_5,v_20_6,15,0.001,12.416890695412741,87.58310930458725
Town01_T-Intersection,v_19_5,v_20_6,20,0.001,11.812668021559556,88.18733197844044
Town01_T-Intersection,v_19_5,v_20_6,25,0.001,11.450134417247645,88.54986558275236
Town01_T-Intersection,v_19_5,v_20_6,30,0.001,11.20844534770637,88.79155465229363
Town01_T-Intersection,v_19_5,v_20_6,5,0.001,17.250672086238225,82.74932791376177
Town01_T-Intersection,v_19_5,v_20_4,10,0.001,13.625342220327806,86.37465777967219
Town01_T-Intersection,v_19_5,v_20_4,15,0.001,12.41689481355187,87.58310518644814
Town01_T-Intersection,v_19_5,v_20_4,20,0.001,11.812671110163903,88.1873288898361
Town01_T-Intersection,v_19_5,v_20_4,25,0.001,11.450136888131123,88.54986311186887
Town01_T-Intersection,v_19_5,v_20_4,30,0.001,11.208447406775935,88.79155259322407
Town01_T-Intersection,v_19_5,v_20_4,5,0.001,17.25068444065561,82.74931555934438
Town01_T-Intersection,v_19_5,v_20_5,10,0.001,3.59999516069261,96.40000483930739
Town01_T-Intersection,v_19_5,v_20_5,15,0.001,2.399996773795073,97.60000322620493
Town01_T-Intersection,v_19_5,v_20_5,20,0.001,1.799997580346305,98.2000024196537
Town01_T-Intersection,v_19_5,v_20_5,25,0.001,1.439998064277044,98.56000193572295
Town01_T-Intersection,v_19_5,v_20_5,30,0.001,1.1999983868975366,98.80000161310247
Town01_T-Intersection,v_19_5,v_20_5,5,0.001,7.19999032138522,92.80000967861479
Town01_T-Intersection,v_19_5,v_20_3,10,0.001,23.700854943324206,76.2991450566758
Town01_T-Intersection,v_19_5,v_20_3,15,0.001,22.4672366288828,77.5327633711172
Town01_T-Intersection,v_19_5,v_20_3,20,0.001,21.8504274716621,78.1495725283379
Town01_T-Intersection,v_19_5,v_20_3,25,0.001,21.480341977329683,78.51965802267031
Town01_T-Intersection,v_19_5,v_20_3,30,0.001,21.2336183144414,78.7663816855586
Town01_T-Intersection,v_19_5,v_20_3,5,0.001,27.401709886648412,72.5982901133516
Town01_T-Intersection,v_19_5,v_20_1,10,0.7337651991492833,43.995512255589226,56.004487744410774
Town01_T-Intersection,v_19_5,v_20_1,15,0.7619440815600703,42.66367483705949,57.33632516294051
Town01_T-Intersection,v_19_5,v_20_1,20,0.1369315333715186,41.99775612779462,58.00224387220538
Town01_T-Intersection,v_19_5,v_20_1,25,0.4712867393116974,41.59820490223569,58.40179509776431
Town01_T-Intersection,v_19_5,v_20_1,30,0.160759195345932,41.331837418529744,58.668162581470256
Town01_T-Intersection,v_19_5,v_20_1,5,0.7424599325384286,47.99102451117846,52.00897548882154
Town01_T-Intersection,v_19_5,v_20_7,10,0.23340643013943016,23.70084271516805,76.29915728483195
Town01_T-Intersection,v_19_5,v_20_7,15,0.704382692073938,22.4672284767787,77.5327715232213
Town01_T-Intersection,v_19_5,v_20_7,20,0.7873680944934571,21.850421357584025,78.14957864241597
Town01_T-Intersection,v_19_5,v_20_7,25,0.41564569500523674,21.48033708606722,78.51966291393278
Town01_T-Intersection,v_19_5,v_20_7,30,0.9860080880937947,21.23361423838935,78.76638576161065
Town01_T-Intersection,v_19_5,v_20_7,5,0.807262303703435,27.4016854303361,72.5983145696639
Town01_T-Intersection,v_19_5,v_20_2,10,0.7319205943889059,33.82502421311876,66.17497578688125
Town01_T-Intersection,v_19_5,v_20_2,15,0.6230084143992984,32.55001614207917,67.44998385792083
Town01_T-Intersection,v_19_5,v_20_2,20,0.6688075558070574,31.91251210655938,68.08748789344062
Town01_T-Intersection,v_19_5,v_20_2,25,0.952438818017319,31.530009685247503,68.4699903147525
Town01_T-Intersection,v_19_5,v_20_2,30,0.39092979106814474,31.275008071039586,68.7249919289604
Town01_T-Intersection,v_19_5,v_20_2,5,0.6508640202293414,37.650048426237525,62.349951573762475
Town01_T-Intersection,v_19_7,v_20_6,10,0.001,13.625342226986742,86.37465777301325
Town01_T-Intersection,v_19_7,v_20_6,15,0.001,12.416894817991162,87.58310518200884
Town01_T-Intersection,v_19_7,v_20_6,20,0.001,11.812671113493371,88.18732888650663
Town01_T-Intersection,v_19_7,v_20_6,25,0.001,11.450136890794697,88.5498631092053
Town01_T-Intersection,v_19_7,v_20_6,30,0.001,11.20844740899558,88.79155259100442
Town01_T-Intersection,v_19_7,v_20_6,5,0.001,17.250684453973484,82.74931554602651
Town01_T-Intersection,v_19_7,v_20_4,10,0.31554382171515943,33.82502421942083,66.17497578057916
Town01_T-Intersection,v_19_7,v_20_4,15,0.6804454124475854,32.550016146280555,67.44998385371944
Town01_T-Intersection,v_19_7,v_20_4,20,0.8452737972037601,31.912512109710416,68.08748789028958
Town01_T-Intersection,v_19_7,v_20_4,25,0.800842173137788,31.530009687768334,68.46999031223166
Town01_T-Intersection,v_19_7,v_20_4,30,0.3353654232245956,31.275008073140278,68.72499192685973
Town01_T-Intersection,v_19_7,v_20_4,5,0.9437185262249295,37.650048438841665,62.349951561158335
Town01_T-Intersection,v_19_7,v_20_5,10,0.001,23.700854949846025,76.29914505015398
Town01_T-Intersection,v_19_7,v_20_5,15,0.001,22.467236633230684,77.53276336676932
Town01_T-Intersection,v_19_7,v_20_5,20,0.001,21.850427474923013,78.14957252507699
Town01_T-Intersection,v_19_7,v_20_5,25,0.001,21.48034197993841,78.5196580200616
Town01_T-Intersection,v_19_7,v_20_5,30,0.001,21.233618316615342,78.76638168338465
Town01_T-Intersection,v_19_7,v_20_5,5,0.001,27.401709899692047,72.59829010030795
Town01_T-Intersection,v_19_7,v_20_3,10,0.001,43.99551226160536,56.00448773839464
Town01_T-Intersection,v_19_7,v_20_3,15,0.001,42.66367484107025,57.33632515892975
Town01_T-Intersection,v_19_7,v_20_3,20,0.001,41.997756130802685,58.002243869197315
Town01_T-Intersection,v_19_7,v_20_3,25,0.001,41.598204904642145,58.401795095357855
Town01_T-Intersection,v_19_7,v_20_3,30,0.001,41.33183742053512,58.66816257946488
Town01_T-Intersection,v_19_7,v_20_3,5,0.001,47.99102452321073,52.00897547678927
Town01_T-Intersection,v_19_7,v_20_1,10,0.001,64.46328907474853,35.53671092525147
Town01_T-Intersection,v_19_7,v_20_1,15,0.001,62.975526049832354,37.024473950167646
Town01_T-Intersection,v_19_7,v_20_1,20,0.001,62.231644537374265,37.768355462625735
Town01_T-Intersection,v_19_7,v_20_1,25,0.001,61.78531562989941,38.21468437010059
Town01_T-Intersection,v_19_7,v_20_1,30,0.001,61.48776302491618,38.51223697508382
Town01_T-Intersection,v_19_7,v_20_1,5,0.001,68.92657814949705,31.073421850502953
Town01_T-Intersection,v_19_7,v_20_7,10,0.001,3.5999951673982267,96.40000483260178
Town01_T-Intersection,v_19_7,v_20_7,15,0.001,2.3999967782654843,97.60000322173451
Town01_T-Intersection,v_19_7,v_20_7,20,0.001,1.7999975836991133,98.20000241630089
Town01_T-Intersection,v_19_7,v_20_7,25,0.001,1.4399980669592907,98.56000193304071
Town01_T-Intersection,v_19_7,v_20_7,30,0.001,1.1999983891327421,98.80000161086726
Town01_T-Intersection,v_19_7,v_20_7,5,0.001,7.199990334796453,92.80000966520355
Town01_T-Intersection,v_19_7,v_20_2,10,0.001,54.20937256925742,45.79062743074258
Town01_T-Intersection,v_19_7,v_20_2,15,0.001,52.80624837950494,47.19375162049506
Town01_T-Intersection,v_19_7,v_20_2,20,0.001,52.104686284628706,47.895313715371294
Town01_T-Intersection,v_19_7,v_20_2,25,0.001,51.683749027702966,48.316250972297034
Town01_T-Intersection,v_19_7,v_20_2,30,0.001,51.403124189752475,48.596875810247525
Town01_T-Intersection,v_19_7,v_20_2,5,0.001,58.418745138514836,41.581254861485164
Town01_T-Intersection,v_19_1,v_20_6,10,0.7919477008479306,54.209343932653375,45.790656067346625
Town01_T-Intersection,v_19_1,v_20_6,15,0.4175092752573999,52.80622928843558,47.19377071156442
Town01_T-Intersection,v_19_1,v_20_6,20,0.6557250503578305,52.10467196632669,47.89532803367331
Town01_T-Intersection,v_19_1,v_20_6,25,0.8001690082966535,51.68373757306135,48.31626242693865
Town01_T-Intersection,v_19_1,v_20_6,30,0.4087217783210563,51.403114644217794,48.596885355782206
Town01_T-Intersection,v_19_1,v_20_6,5,0.5560203489898116,58.41868786530675,41.58131213469325
Town01_T-Intersection,v_19_1,v_20_4,10,0.6449957121741547,33.82500616005004,66.17499383994996
Town01_T-Intersection,v_19_1,v_20_4,15,0.6508166796979157,32.55000410670002,67.44999589329998
Town01_T-Intersection,v_19_1,v_20_4,20,0.2053590646970404,31.91250308002502,68.08749691997498
Town01_T-Intersection,v_19_1,v_20_4,25,0.9537832550776573,31.530002464020015,68.46999753597999
Town01_T-Intersection,v_19_1,v_20_4,30,0.8732934101459643,31.27500205335001,68.72499794664999
Town01_T-Intersection,v_19_1,v_20_4,5,0.4651139274143238,37.650012320100075,62.349987679899925
Town01_T-Intersection,v_19_1,v_20_5,10,0.20778767883085184,43.995488786971194,56.004511213028806
Town01_T-Intersection,v_19_1,v_20_5,15,0.2679505028259884,42.66365919131413,57.33634080868587
Town01_T-Intersection,v_19_1,v_20_5,20,0.7359596467778976,41.9977443934856,58.0022556065144
Town01_T-Intersection,v_19_1,v_20_5,25,0.7058084759804899,41.59819551478848,58.40180448521152
Town01_T-Intersection,v_19_1,v_20_5,30,0.30627067698067056,41.33182959565706,58.66817040434294
Town01_T-Intersection,v_19_1,v_20_5,5,0.46116693194382385,47.99097757394239,52.00902242605761
Town01_T-Intersection,v_19_1,v_20_3,10,0.5019961419089455,23.700842702124355,76.29915729787564
Town01_T-Intersection,v_19_1,v_20_3,15,0.8981259810720829,22.467228468082904,77.53277153191709
Town01_T-Intersection,v_19_1,v_20_3,20,0.3856978024304787,21.850421351062177,78.14957864893782
Town01_T-Intersection,v_19_1,v_20_3,25,0.3375561739340901,21.480337080849743,78.51966291915025
Town01_T-Intersection,v_19_1,v_20_3,30,0.7914658129056071,21.233614234041454,78.76638576595855
Town01_T-Intersection,v_19_1,v_20_3,5,0.2236276616709551,27.401685404248713,72.59831459575129
Town01_T-Intersection,v_19_1,v_20_1,10,0.001,3.599995147281359,96.40000485271864
Town01_T-Intersection,v_19_1,v_20_1,15,0.001,2.3999967648542393,97.60000323514576
Town01_T-Intersection,v_19_1,v_20_1,20,0.001,1.7999975736406795,98.20000242635932
Town01_T-Intersection,v_19_1,v_20_1,25,0.001,1.4399980589125436,98.56000194108745
Town01_T-Intersection,v_19_1,v_20_1,30,0.001,1.1999983824271196,98.80000161757287
Town01_T-Intersection,v_19_1,v_20_1,5,0.001,7.199990294562718,92.80000970543728
Town01_T-Intersection,v_19_1,v_20_7,10,0.001,64.46325575452931,35.536744245470686
Town01_T-Intersection,v_19_1,v_20_7,15,0.001,62.97550383635287,37.02449616364713
Town01_T-Intersection,v_19_1,v_20_7,20,0.001,62.23162787726466,37.76837212273534
Town01_T-Intersection,v_19_1,v_20_7,25,0.001,61.785302301811726,38.214697698188274
Town01_T-Intersection,v_19_1,v_20_7,30,0.001,61.487751918176436,38.512248081823564
Town01_T-Intersection,v_19_1,v_20_7,5,0.001,68.92651150905861,31.073488490941386
Town01_T-Intersection,v_19_1,v_20_2,10,0.001,13.625336029801183,86.37466397019881
Town01_T-Intersection,v_19_1,v_20_2,15,0.001,12.416890686534122,87.58310931346588
Town01_T-Intersection,v_19_1,v_20_2,20,0.001,11.812668014900591,88.1873319850994
Town01_T-Intersection,v_19_1,v_20_2,25,0.001,11.450134411920473,88.54986558807953
Town01_T-Intersection,v_19_1,v_20_2,30,0.001,11.20844534326706,88.79155465673294
Town01_T-Intersection,v_19_1,v_20_2,5,0.001,17.250672059602365,82.74932794039763
Town01_T-Intersection,v_18_5,v_19_5,10,0.001,3.6000116402672027,96.3999883597328
Town01_T-Intersection,v_18_5,v_19_5,15,0.001,2.400007760178135,97.59999223982186
Town01_T-Intersection,v_18_5,v_19_5,20,0.001,1.8000058201336013,98.1999941798664
Town01_T-Intersection,v_18_5,v_19_5,25,0.001,1.440004656106881,98.55999534389312
Town01_T-Intersection,v_18_5,v_19_5,30,0.001,1.2000038800890676,98.79999611991093
Town01_T-Intersection,v_18_5,v_19_5,5,0.001,7.200023280534405,92.79997671946559
Town01_T-Intersection,v_18_5,v_19_7,10,0.001,23.700860366639603,76.2991396333604
Town01_T-Intersection,v_18_5,v_19_7,15,0.001,22.467240244426403,77.5327597555736
Town01_T-Intersection,v_18_5,v_19_7,20,0.001,21.8504301833198,78.1495698166802
Town01_T-Intersection,v_18_5,v_19_7,25,0.001,21.480344146655842,78.51965585334416
Town01_T-Intersection,v_18_5,v_19_7,30,0.001,21.2336201222132,78.7663798777868
Town01_T-Intersection,v_18_5,v_19_7,5,0.001,27.40172073327921,72.5982792667208
Town01_T-Intersection,v_18_5,v_19_1,10,0.001,43.99552305876646,56.00447694123354
Town01_T-Intersection,v_18_5,v_19_1,15,0.001,42.66368203917764,57.33631796082236
Town01_T-Intersection,v_18_5,v_19_1,20,0.001,41.997761529383226,58.002238470616774
Town01_T-Intersection,v_18_5,v_19_1,25,0.001,41.598209223506586,58.401790776493414
Town01_T-Intersection,v_18_5,v_19_1,30,0.001,41.33184101958882,58.66815898041118
Town01_T-Intersection,v_18_5,v_19_1,5,0.001,47.99104611753292,52.00895388246708
Town01_T-Intersection,v_18_5,v_19_3,10,0.6718653040805639,23.700869348029887,76.29913065197012
Town01_T-Intersection,v_18_5,v_19_3,15,0.5300249126534741,22.467246232019924,77.53275376798007
Town01_T-Intersection,v_18_5,v_19_3,20,0.21831187951598255,21.85043467401494,78.14956532598507
Town01_T-Intersection,v_18_5,v_19_3,25,0.2787675241514802,21.480347739211954,78.51965226078805
Town01_T-Intersection,v_18_5,v_19_3,30,0.26897557245511017,21.233623116009962,78.76637688399003
Town01_T-Intersection,v_18_5,v_19_3,5,0.15429902679259935,27.401738696059773,72.59826130394023
Town01_T-Intersection,v_18_5,v_19_2,10,0.001,33.82503703336899,66.174962966631
Town01_T-Intersection,v_18_5,v_19_2,15,0.001,32.55002468891266,67.44997531108734
Town01_T-Intersection,v_18_5,v_19_2,20,0.001,31.912518516684496,68.0874814833155
Town01_T-Intersection,v_18_5,v_19_2,25,0.001,31.530014813347595,68.46998518665241
Town01_T-Intersection,v_18_5,v_19_2,30,0.001,31.27501234445633,68.72498765554367
Town01_T-Intersection,v_18_5,v_19_2,5,0.001,37.650074066737986,62.349925933262014
Town01_T-Intersection,v_18_5,v_19_4,10,0.001,13.625357821630487,86.37464217836951
Town01_T-Intersection,v_18_5,v_19_4,15,0.001,12.416905214420325,87.58309478557968
Town01_T-Intersection,v_18_5,v_19_4,20,0.001,11.812678910815244,88.18732108918476
Town01_T-Intersection,v_18_5,v_19_4,25,0.001,11.450143128652195,88.5498568713478
Town01_T-Intersection,v_18_5,v_19_4,30,0.001,11.208452607210162,88.79154739278984
Town01_T-Intersection,v_18_5,v_19_4,5,0.001,17.250715643260975,82.74928435673903
Town01_T-Intersection,v_18_5,v_19_6,10,0.001,13.625353171989888,86.37464682801011
Town01_T-Intersection,v_18_5,v_19_6,15,0.001,12.416902114659925,87.58309788534008
Town01_T-Intersection,v_18_5,v_19_6,20,0.001,11.812676585994945,88.18732341400505
Town01_T-Intersection,v_18_5,v_19_6,25,0.001,11.450141268795955,88.54985873120404
Town01_T-Intersection,v_18_5,v_19_6,30,0.001,11.208451057329963,88.79154894267003
Town01_T-Intersection,v_18_5,v_19_6,5,0.001,17.250706343979775,82.74929365602023
Town01_T-Intersection,v_19_3,v_20_6,10,0.12731581209023976,33.82500616635216,66.17499383364785
Town01_T-Intersection,v_19_3,v_20_6,15,0.22932983787546196,32.55000411090144,67.44999588909856
Town01_T-Intersection,v_19_3,v_20_6,20,0.13874145147906813,31.91250308317608,68.08749691682392
Town01_T-Intersection,v_19_3,v_20_6,25,0.9970711427995083,31.530002466540864,68.46999753345914
Town01_T-Intersection,v_19_3,v_20_6,30,0.29570736238442663,31.27500205545072,68.72499794454927
Town01_T-Intersection,v_19_3,v_20_6,5,0.5182475267316762,37.65001233270432,62.34998766729568
Town01_T-Intersection,v_19_3,v_20_4,10,0.001,13.62533603646015,86.37466396353985
Town01_T-Intersection,v_19_3,v_20_4,15,0.001,12.416890690973434,87.58310930902657
Town01_T-Intersection,v_19_3,v_20_4,20,0.001,11.812668018230076,88.18733198176993
Town01_T-Intersection,v_19_3,v_20_4,25,0.001,11.45013441458406,88.54986558541594
Town01_T-Intersection,v_19_3,v_20_4,30,0.001,11.208445345486716,88.79155465451328
Town01_T-Intersection,v_19_3,v_20_4,5,0.001,17.2506720729203,82.7493279270797
Town01_T-Intersection,v_19_3,v_20_5,10,0.9237494626047152,23.700842708646217,76.29915729135378
Town01_T-Intersection,v_19_3,v_20_5,15,0.2969534838033428,22.46722847243081,77.5327715275692
Town01_T-Intersection,v_19_3,v_20_5,20,0.828603583652507,21.85042135432311,78.14957864567688
Town01_T-Intersection,v_19_3,v_20_5,25,0.1984478515428797,21.480337083458487,78.5196629165415
Town01_T-Intersection,v_19_3,v_20_5,30,0.6497325506833562,21.233614236215406,78.7663857637846
Town01_T-Intersection,v_19_3,v_20_5,5,0.2445062319987047,27.401685417292434,72.59831458270756
Town01_T-Intersection,v_19_3,v_20_3,10,0.6669452008115685,3.599995153986984,96.40000484601302
Town01_T-Intersection,v_19_3,v_20_3,15,0.6545598733363711,2.3999967693246558,97.60000323067534
Town01_T-Intersection,v_19_3,v_20_3,20,0.7713776309553864,1.799997576993492,98.20000242300651
Town01_T-Intersection,v_19_3,v_20_3,25,0.9142141013500016,1.4399980615947936,98.56000193840521
Town01_T-Intersection,v_19_3,v_20_3,30,0.7882973189819821,1.1999983846623279,98.80000161533768
Town01_T-Intersection,v_19_3,v_20_3,5,0.9892393819026162,7.199990307973968,92.80000969202604
Town01_T-Intersection,v_19_3,v_20_1,10,0.001,23.700854936802394,76.29914506319761
Town01_T-Intersection,v_19_3,v_20_1,15,0.001,22.467236624534927,77.53276337546507
Town01_T-Intersection,v_19_3,v_20_1,20,0.001,21.850427468401197,78.1495725315988
Town01_T-Intersection,v_19_3,v_20_1,25,0.001,21.480341974720957,78.51965802527904
Town01_T-Intersection,v_19_3,v_20_1,30,0.001,21.233618312267463,78.76638168773253
Town01_T-Intersection,v_19_3,v_20_1,5,0.001,27.401709873604783,72.59829012639521
Town01_T-Intersection,v_19_3,v_20_7,10,0.2512522423885152,43.99548879307268,56.00451120692732
Town01_T-Intersection,v_19_3,v_20_7,15,0.30247220327726204,42.66365919538179,57.33634080461821
Town01_T-Intersection,v_19_3,v_20_7,20,0.1187268471339189,41.99774439653634,58.00225560346366
Town01_T-Intersection,v_19_3,v_20_7,25,0.7104695255808664,41.59819551722907,58.40180448277093
Town01_T-Intersection,v_19_3,v_20_7,30,0.586656791978326,41.33182959769089,58.66817040230911
Town01_T-Intersection,v_19_3,v_20_7,5,0.8164566077815971,47.99097758614537,52.00902241385463
Town01_T-Intersection,v_19_3,v_20_2,10,0.43140612668069345,13.625342213668855,86.37465778633114
Town01_T-Intersection,v_19_3,v_20_2,15,0.30894543602236596,12.41689480911257,87.58310519088744
Town01_T-Intersection,v_19_3,v_20_2,20,0.9661490177666835,11.812671106834427,88.18732889316557
Town01_T-Intersection,v_19_3,v_20_2,25,0.6530851238489095,11.450136885467542,88.54986311453246
Town01_T-Intersection,v_19_3,v_20_2,30,0.9642400866617555,11.208447404556285,88.79155259544372
Town01_T-Intersection,v_19_3,v_20_2,5,0.7713170604401905,17.25068442733771,82.74931557266228
Town01_T-Intersection,v_20_5,v_21_1,10,0.001,43.625341502295605,56.374658497704395
Town01_T-Intersection,v_20_5,v_21_1,15,0.001,42.416894334863734,57.583105665136266
Town01_T-Intersection,v_20_5,v_21_1,20,0.001,41.8126707511478,58.1873292488522
Town01_T-Intersection,v_20_5,v_21_1,25,0.001,41.45013660091824,58.54986339908176
Town01_T-Intersection,v_20_5,v_21_1,30,0.001,41.20844716743187,58.79155283256813
Town01_T-Intersection,v_20_5,v_21_1,5,0.001,47.25068300459121,52.74931699540879
Town01_T-Intersection,v_18_4,v_19_5,10,0.66697329038118,13.625364085178106,86.3746359148219
Town01_T-Intersection,v_18_4,v_19_5,15,0.13612325169842396,12.416909390118736,87.58309060988127
Town01_T-Intersection,v_18_4,v_19_5,20,0.9043648432860556,11.812682042589053,88.18731795741095
Town01_T-Intersection,v_18_4,v_19_5,25,0.4036050486205415,11.450145634071243,88.54985436592875
Town01_T-Intersection,v_18_4,v_19_5,30,0.29861983833687444,11.208454695059368,88.79154530494063
Town01_T-Intersection,v_18_4,v_19_5,5,0.12302126140118325,17.25072817035621,82.74927182964379
Town01_T-Intersection,v_18_4,v_19_7,10,0.5288110555534592,33.825034656830596,66.1749653431694
Town01_T-Intersection,v_18_4,v_19_7,15,0.6525744790515463,32.55002310455373,67.44997689544627
Town01_T-Intersection,v_18_4,v_19_7,20,0.5609013323155094,31.912517328415298,68.0874826715847
Town01_T-Intersection,v_18_4,v_19_7,25,0.2925386151899467,31.530013862732236,68.46998613726777
Town01_T-Intersection,v_18_4,v_19_7,30,0.2953109430426859,31.275011552276865,68.72498844772313
Town01_T-Intersection,v_18_4,v_19_7,5,0.39688325767335064,37.65006931366119,62.34993068633881
Town01_T-Intersection,v_18_4,v_19_1,10,0.7232273707065888,33.82504736174,66.17495263826001
Town01_T-Intersection,v_18_4,v_19_1,15,0.4503256364477457,32.55003157449333,67.44996842550667
Town01_T-Intersection,v_18_4,v_19_1,20,0.3416045039100976,31.91252368087,68.08747631913
Town01_T-Intersection,v_18_4,v_19_1,25,0.7411083524990791,31.530018944696,68.469981055304
Town01_T-Intersection,v_18_4,v_19_1,30,0.8086987516515983,31.275015787246666,68.72498421275333
Town01_T-Intersection,v_18_4,v_19_1,5,0.6535959570193116,37.650094723479995,62.349905276520005
Town01_T-Intersection,v_18_4,v_19_3,10,0.001,13.625368734827362,86.37463126517264
Town01_T-Intersection,v_18_4,v_19_3,15,0.001,12.416912489884908,87.58308751011509
Town01_T-Intersection,v_18_4,v_19_3,20,0.001,11.81268436741368,88.18731563258632
Town01_T-Intersection,v_18_4,v_19_3,25,0.001,11.450147493930945,88.54985250606906
Town01_T-Intersection,v_18_4,v_19_3,30,0.001,11.208456244942454,88.79154375505755
Town01_T-Intersection,v_18_4,v_19_3,5,0.001,17.250737469654723,82.74926253034528
Town01_T-Intersection,v_18_4,v_19_2,10,0.14807358689254285,23.700880036520914,76.29911996347909
Town01_T-Intersection,v_18_4,v_19_2,15,0.9662711976082545,22.46725335768061,77.53274664231938
Town01_T-Intersection,v_18_4,v_19_2,20,0.4819593485965661,21.850440018260457,78.14955998173954
Town01_T-Intersection,v_18_4,v_19_2,25,0.420891056925366,21.480352014608368,78.51964798539163
Town01_T-Intersection,v_18_4,v_19_2,30,0.12366258729091524,21.233626678840306,78.76637332115969
Town01_T-Intersection,v_18_4,v_19_2,5,0.3619939679692763,27.40176007304183,72.59823992695817
Town01_T-Intersection,v_18_4,v_19_4,10,0.8775763734899008,3.600022629944245,96.39997737005575
Town01_T-Intersection,v_18_4,v_19_4,15,0.7414523031142084,2.4000150866294963,97.5999849133705
Town01_T-Intersection,v_18_4,v_19_4,20,0.39944526970477134,1.8000113149721224,98.19998868502788
Town01_T-Intersection,v_18_4,v_19_4,25,0.4695353859140564,1.440009051977698,98.5599909480223
Town01_T-Intersection,v_18_4,v_19_4,30,0.171563984593902,1.2000075433147481,98.79999245668525
Town01_T-Intersection,v_18_4,v_19_4,5,0.14180032912019247,7.20004525988849,92.79995474011152
Town01_T-Intersection,v_18_4,v_19_6,10,0.001,23.700871055078615,76.29912894492139
Town01_T-Intersection,v_18_4,v_19_6,15,0.001,22.46724737005241,77.5327526299476
Town01_T-Intersection,v_18_4,v_19_6,20,0.001,21.850435527539307,78.1495644724607
Town01_T-Intersection,v_18_4,v_19_6,25,0.001,21.480348422031444,78.51965157796856
Town01_T-Intersection,v_18_4,v_19_6,30,0.001,21.233623685026206,78.7663763149738
Town01_T-Intersection,v_18_4,v_19_6,5,0.001,27.40174211015723,72.59825788984277
Town01_T-Intersection,v_18_3,v_19_5,10,0.001,23.70088174352287,76.29911825647713
Town01_T-Intersection,v_18_3,v_19_5,15,0.001,22.467254495681914,77.53274550431809
Town01_T-Intersection,v_18_3,v_19_5,20,0.001,21.850440871761435,78.14955912823856
Town01_T-Intersection,v_18_3,v_19_5,25,0.001,21.48035269740915,78.51964730259085
Town01_T-Intersection,v_18_3,v_19_5,30,0.001,21.233627247840957,78.76637275215904
Town01_T-Intersection,v_18_3,v_19_5,5,0.001,27.401763487045745,72.59823651295426
Town01_T-Intersection,v_18_3,v_19_7,10,0.8470960497097969,43.99552718187017,56.00447281812983
Town01_T-Intersection,v_18_3,v_19_7,15,0.7686878714263009,42.663684787913446,57.336315212086554
Town01_T-Intersection,v_18_3,v_19_7,20,0.822088837181836,41.99776359093509,58.00223640906491
Town01_T-Intersection,v_18_3,v_19_7,25,0.18060122416512714,41.59821087274807,58.40178912725193
Town01_T-Intersection,v_18_3,v_19_7,30,0.46726944653204394,41.33184239395672,58.66815760604328
Town01_T-Intersection,v_18_3,v_19_7,5,0.8156373406237343,47.99105436374034,52.00894563625966
Town01_T-Intersection,v_18_3,v_19_1,10,0.001,23.700890725016965,76.29910927498304
Town01_T-Intersection,v_18_3,v_19_1,15,0.001,22.467260483344642,77.53273951665535
Town01_T-Intersection,v_18_3,v_19_1,20,0.001,21.850445362508484,78.14955463749152
Town01_T-Intersection,v_18_3,v_19_1,25,0.001,21.480356290006785,78.51964370999322
Town01_T-Intersection,v_18_3,v_19_1,30,0.001,21.233630241672323,78.76636975832767
Town01_T-Intersection,v_18_3,v_19_1,5,0.001,27.40178145003393,72.59821854996608
Town01_T-Intersection,v_18_3,v_19_3,10,0.001,3.6000336196212968,96.3999663803787
Town01_T-Intersection,v_18_3,v_19_3,15,0.001,2.4000224130808645,97.59997758691914
Town01_T-Intersection,v_18_3,v_19_3,20,0.001,1.8000168098106484,98.19998319018936
Town01_T-Intersection,v_18_3,v_19_3,25,0.001,1.4400134478485187,98.55998655215149
Town01_T-Intersection,v_18_3,v_19_3,30,0.001,1.2000112065404323,98.79998879345956
Town01_T-Intersection,v_18_3,v_19_3,5,0.001,7.2000672392425935,92.7999327607574
Town01_T-Intersection,v_18_3,v_19_2,10,0.001,13.62537964802653,86.37462035197348
Town01_T-Intersection,v_18_3,v_19_2,15,0.001,12.41691976535102,87.58308023464897
Town01_T-Intersection,v_18_3,v_19_2,20,0.001,11.812689824013265,88.18731017598674
Town01_T-Intersection,v_18_3,v_19_2,25,0.001,11.450151859210612,88.5498481407894
Town01_T-Intersection,v_18_3,v_19_2,30,0.001,11.208459882675509,88.79154011732449
Town01_T-Intersection,v_18_3,v_19_2,5,0.001,17.25075929605306,82.74924070394694
Town01_T-Intersection,v_18_3,v_19_4,10,0.8326008443842754,13.625374998368585,86.37462500163141
Town01_T-Intersection,v_18_3,v_19_4,15,0.8535543061662476,12.416916665579057,87.58308333442095
Town01_T-Intersection,v_18_3,v_19_4,20,0.9784952831591098,11.812687499184293,88.18731250081571
Town01_T-Intersection,v_18_3,v_19_4,25,0.6984339659992707,11.450149999347435,88.54985000065257
Town01_T-Intersection,v_18_3,v_19_4,30,0.6069246181271097,11.208458332789528,88.79154166721047
Town01_T-Intersection,v_18_3,v_19_4,5,0.5112204154456728,17.25074999673717,82.74925000326283
Town01_T-Intersection,v_18_3,v_19_6,10,0.859333019666193,33.825044985141645,66.17495501485836
Town01_T-Intersection,v_18_3,v_19_6,15,0.4866578552182439,32.55002999009443,67.44997000990557
Town01_T-Intersection,v_18_3,v_19_6,20,0.6105460875519312,31.912522492570822,68.08747750742918
Town01_T-Intersection,v_18_3,v_19_6,25,0.12575650194175902,31.530017994056657,68.46998200594334
Town01_T-Intersection,v_18_3,v_19_6,30,0.2828812599128633,31.275014995047215,68.72498500495279
Town01_T-Intersection,v_18_3,v_19_6,5,0.818044159528813,37.65008997028329,62.34991002971671
Town01_T-Intersection,v_20_3,v_21_1,10,0.001,23.825011341342908,76.1749886586571
Town01_T-Intersection,v_20_3,v_21_1,15,0.001,22.55000756089527,77.44999243910473
Town01_T-Intersection,v_20_3,v_21_1,20,0.001,21.912505670671454,78.08749432932855
Town01_T-Intersection,v_20_3,v_21_1,25,0.001,21.530004536537163,78.46999546346284
Town01_T-Intersection,v_20_3,v_21_1,30,0.001,21.275003780447637,78.72499621955237
Town01_T-Intersection,v_20_3,v_21_1,5,0.001,27.650022682685815,72.34997731731418
Town01_T-Intersection,v_19_2,v_20_6,10,0.001,43.995488790021945,56.004511209978055
Town01_T-Intersection,v_19_2,v_20_6,15,0.001,42.66365919334796,57.33634080665204
Town01_T-Intersection,v_19_2,v_20_6,20,0.001,41.99774439501097,58.00225560498903
Town01_T-Intersection,v_19_2,v_20_6,25,0.001,41.59819551600878,58.40180448399122
Town01_T-Intersection,v_19_2,v_20_6,30,0.001,41.331829596673984,58.668170403326016
Town01_T-Intersection,v_19_2,v_20_6,5,0.001,47.99097758004389,52.00902241995611
Town01_T-Intersection,v_19_2,v_20_4,10,0.6639359094530665,23.70084270538528,76.29915729461472
Town01_T-Intersection,v_19_2,v_20_4,15,0.11930454297471077,22.467228470256853,77.53277152974314
Town01_T-Intersection,v_19_2,v_20_4,20,0.5511508201417605,21.850421352692642,78.14957864730735
Town01_T-Intersection,v_19_2,v_20_4,25,0.28846855024910306,21.48033708215411,78.51966291784589
Town01_T-Intersection,v_19_2,v_20_4,30,0.26648567561203707,21.233614235128428,78.76638576487157
Town01_T-Intersection,v_19_2,v_20_4,5,0.9421148600016882,27.40168541077056,72.59831458922943
Town01_T-Intersection,v_19_2,v_20_5,10,0.001,33.825006163201095,66.1749938367989
Town01_T-Intersection,v_19_2,v_20_5,15,0.001,32.55000410880073,67.44999589119928
Town01_T-Intersection,v_19_2,v_20_5,20,0.001,31.912503081600548,68.08749691839945
Town01_T-Intersection,v_19_2,v_20_5,25,0.001,31.53000246528044,68.46999753471957
Town01_T-Intersection,v_19_2,v_20_5,30,0.001,31.275002054400364,68.72499794559964
Town01_T-Intersection,v_19_2,v_20_5,5,0.001,37.65001232640219,62.34998767359781
Town01_T-Intersection,v_19_2,v_20_3,10,0.9503397465470622,13.625336033130656,86.37466396686935
Town01_T-Intersection,v_19_2,v_20_3,15,0.39359912221758087,12.416890688753771,87.58310931124623
Town01_T-Intersection,v_19_2,v_20_3,20,0.4531543126945894,11.812668016565329,88.18733198343467
Town01_T-Intersection,v_19_2,v_20_3,25,0.7632291715111913,11.450134413252263,88.54986558674774
Town01_T-Intersection,v_19_2,v_20_3,30,0.7515980989199176,11.208445344376885,88.79155465562312
Town01_T-Intersection,v_19_2,v_20_3,5,0.5574661003603245,17.250672066261313,82.74932793373868
Town01_T-Intersection,v_19_2,v_20_1,10,0.001,13.625342210339387,86.37465778966062
Town01_T-Intersection,v_19_2,v_20_1,15,0.001,12.416894806892923,87.58310519310707
Town01_T-Intersection,v_19_2,v_20_1,20,0.001,11.812671105169693,88.1873288948303
Town01_T-Intersection,v_19_2,v_20_1,25,0.001,11.450136884135755,88.54986311586424
Town01_T-Intersection,v_19_2,v_20_1,30,0.001,11.208447403446462,88.79155259655354
Town01_T-Intersection,v_19_2,v_20_1,5,0.001,17.250684420678773,82.74931557932123
Town01_T-Intersection,v_19_2,v_20_7,10,0.001,54.20934393548243,45.79065606451757
Town01_T-Intersection,v_19_2,v_20_7,15,0.001,52.80622929032162,47.19377070967838
Town01_T-Intersection,v_19_2,v_20_7,20,0.001,52.10467196774121,47.89532803225879
Town01_T-Intersection,v_19_2,v_20_7,25,0.001,51.683737574192975,48.316262425807025
Town01_T-Intersection,v_19_2,v_20_7,30,0.001,51.40311464516081,48.59688535483919
Town01_T-Intersection,v_19_2,v_20_7,5,0.001,58.41868787096486,41.58131212903514
Town01_T-Intersection,v_19_2,v_20_2,10,0.001,3.5999951506341716,96.40000484936583
Town01_T-Intersection,v_19_2,v_20_2,15,0.001,2.3999967670894473,97.60000323291055
Town01_T-Intersection,v_19_2,v_20_2,20,0.001,1.7999975753170858,98.2000024246829
Town01_T-Intersection,v_19_2,v_20_2,25,0.001,1.4399980602536686,98.56000193974633
Town01_T-Intersection,v_19_2,v_20_2,30,0.001,1.1999983835447237,98.80000161645528
Town01_T-Intersection,v_19_2,v_20_2,5,0.001,7.199990301268343,92.80000969873166
Town01_T-Intersection,v_19_4,v_20_6,10,0.6044263008085011,23.700842711907136,76.29915728809286
Town01_T-Intersection,v_19_4,v_20_6,15,0.4768489133365321,22.46722847460476,77.53277152539525
Town01_T-Intersection,v_19_4,v_20_6,20,0.9821867652702403,21.850421355953568,78.14957864404643
Town01_T-Intersection,v_19_4,v_20_6,25,0.688692937143156,21.480337084762855,78.51966291523715
Town01_T-Intersection,v_19_4,v_20_6,30,0.16266354955665724,21.23361423730238,78.76638576269762
Town01_T-Intersection,v_19_4,v_20_6,5,0.8747478860983674,27.401685423814275,72.59831457618573
Town01_T-Intersection,v_19_4,v_20_4,10,0.7019403927344303,3.599995157339797,96.40000484266021
Town01_T-Intersection,v_19_4,v_20_4,15,0.6212329439045635,2.3999967715598642,97.60000322844013
Town01_T-Intersection,v_19_4,v_20_4,20,0.1284103652861607,1.7999975786698985,98.2000024213301
Town01_T-Intersection,v_19_4,v_20_4,25,0.19211002003207361,1.4399980629359188,98.56000193706409
Town01_T-Intersection,v_19_4,v_20_4,30,0.9129425348833461,1.1999983857799321,98.80000161422006
Town01_T-Intersection,v_19_4,v_20_4,5,0.927386461662723,7.199990314679594,92.8000096853204
Town01_T-Intersection,v_19_4,v_20_5,10,0.001,13.62533603978962,86.37466396021038
Town01_T-Intersection,v_19_4,v_20_5,15,0.001,12.416890693193078,87.58310930680692
Town01_T-Intersection,v_19_4,v_20_5,20,0.001,11.81266801989481,88.18733198010518
Town01_T-Intersection,v_19_4,v_20_5,25,0.001,11.450134415915848,88.54986558408416
Town01_T-Intersection,v_19_4,v_20_5,30,0.001,11.20844534659654,88.79155465340347
Town01_T-Intersection,v_19_4,v_20_5,5,0.001,17.25067207957924,82.74932792042077
Town01_T-Intersection,v_19_4,v_20_3,10,0.001,13.62534221699834,86.37465778300167
Town01_T-Intersection,v_19_4,v_20_3,15,0.001,12.416894811332226,87.58310518866777
Town01_T-Intersection,v_19_4,v_20_3,20,0.001,11.812671108499169,88.18732889150083
Town01_T-Intersection,v_19_4,v_20_3,25,0.001,11.450136886799335,88.54986311320067
Town01_T-Intersection,v_19_4,v_20_3,30,0.001,11.208447405666114,88.7915525943339
Town01_T-Intersection,v_19_4,v_20_3,5,0.001,17.25068443399668,82.74931556600332
Town01_T-Intersection,v_19_4,v_20_1,10,0.001,33.82502420996774,66.17497579003226
Town01_T-Intersection,v_19_4,v_20_1,15,0.001,32.55001613997849,67.44998386002152
Town01_T-Intersection,v_19_4,v_20_1,20,0.001,31.91251210498387,68.08748789501612
Town01_T-Intersection,v_19_4,v_20_1,25,0.001,31.530009683987092,68.46999031601291
Town01_T-Intersection,v_19_4,v_20_1,30,0.001,31.275008069989244,68.72499193001076
Town01_T-Intersection,v_19_4,v_20_1,5,0.001,37.650048419935466,62.349951580064534
Town01_T-Intersection,v_19_4,v_20_7,10,0.714425434146196,33.82500616950322,66.17499383049679
Town01_T-Intersection,v_19_4,v_20_7,15,0.5856595834720982,32.550004113002146,67.44999588699785
Town01_T-Intersection,v_19_4,v_20_7,20,0.8374985998505456,31.91250308475161,68.0874969152484
Town01_T-Intersection,v_19_4,v_20_7,25,0.5056199047851929,31.53000246780129,68.4699975321987
Town01_T-Intersection,v_19_4,v_20_7,30,0.20592281560521725,31.275002056501073,68.72499794349892
Town01_T-Intersection,v_19_4,v_20_7,5,0.35669324297710947,37.65001233900644,62.34998766099356
Town01_T-Intersection,v_19_4,v_20_2,10,0.001,23.7008549400633,76.2991450599367
Town01_T-Intersection,v_19_4,v_20_2,15,0.001,22.467236626708868,77.53276337329113
Town01_T-Intersection,v_19_4,v_20_2,20,0.001,21.85042747003165,78.14957252996835
Town01_T-Intersection,v_19_4,v_20_2,25,0.001,21.480341976025322,78.51965802397467
Town01_T-Intersection,v_19_4,v_20_2,30,0.001,21.233618313354434,78.76638168664556
Town01_T-Intersection,v_19_4,v_20_2,5,0.001,27.401709880126603,72.5982901198734
Town01_T-Intersection,v_20_1,v_21_1,10,0.001,4.209348588053521,95.79065141194648
Town01_T-Intersection,v_20_1,v_21_1,15,0.001,2.8062323920356804,97.19376760796432
Town01_T-Intersection,v_20_1,v_21_1,20,0.001,2.1046742940267604,97.89532570597324
Town01_T-Intersection,v_20_1,v_21_1,25,0.001,1.6837394352214083,98.31626056477859
Town01_T-Intersection,v_20_1,v_21_1,30,0.001,1.4031161960178402,98.59688380398217
Town01_T-Intersection,v_20_1,v_21_1,5,0.001,8.418697176107042,91.58130282389295
Town01_T-Intersection,v_18_6,v_19_5,10,0.001,13.62534690843589,86.37465309156411
Town01_T-Intersection,v_18_6,v_19_5,15,0.001,12.416897938957261,87.58310206104274
Town01_T-Intersection,v_18_6,v_19_5,20,0.001,11.812673454217945,88.18732654578206
Town01_T-Intersection,v_18_6,v_19_5,25,0.001,11.450138763374357,88.54986123662565
Town01_T-Intersection,v_18_6,v_19_5,30,0.001,11.20844896947863,88.79155103052138
Town01_T-Intersection,v_18_6,v_19_5,5,0.001,17.25069381687178,82.74930618312823
Town01_T-Intersection,v_18_6,v_19_7,10,0.6536562100584676,13.625342258803965,86.37465774119603
Town01_T-Intersection,v_18_6,v_19_7,15,0.660587824781085,12.416894839202643,87.58310516079736
Town01_T-Intersection,v_18_6,v_19_7,20,0.5931334605268809,11.812671129401982,88.18732887059802
Town01_T-Intersection,v_18_6,v_19_7,25,0.3841800184597447,11.450136903521585,88.54986309647842
Town01_T-Intersection,v_18_6,v_19_7,30,0.472512294450362,11.20844741960132,88.79155258039867
Town01_T-Intersection,v_18_6,v_19_7,5,0.6598848782062805,17.25068451760793,82.74931548239206
Town01_T-Intersection,v_18_6,v_19_1,10,0.9210921045690131,54.20937161659813,45.79062838340187
Town01_T-Intersection,v_18_6,v_19_1,15,0.8209280505462849,52.80624774439875,47.19375225560125
Town01_T-Intersection,v_18_6,v_19_1,20,0.6522568799396029,52.10468580829907,47.89531419170093
Town01_T-Intersection,v_18_6,v_19_1,25,0.8531840540413784,51.68374864663925,48.31625135336075
Town01_T-Intersection,v_18_6,v_19_1,30,0.7415994255197029,51.40312387219938,48.59687612780062
Town01_T-Intersection,v_18_6,v_19_1,5,0.6674308426642824,58.41874323319627,41.58125676680373
Town01_T-Intersection,v_18_6,v_19_3,10,0.5525940521162215,33.825026705001896,66.1749732949981
Town01_T-Intersection,v_18_6,v_19_3,15,0.47975909223790836,32.5500178033346,67.4499821966654
Town01_T-Intersection,v_18_6,v_19_3,20,0.7900878315518923,31.912513352500948,68.08748664749905
Town01_T-Intersection,v_18_6,v_19_3,25,0.22009951379391024,31.530010682000757,68.46998931799925
Town01_T-Intersection,v_18_6,v_19_3,30,0.6503815822397542,31.2750089016673,68.72499109833271
Town01_T-Intersection,v_18_6,v_19_3,5,0.935914145114435,37.650053410003785,62.349946589996215
Town01_T-Intersection,v_18_6,v_19_2,10,0.001,43.995513208617425,56.004486791382575
Town01_T-Intersection,v_18_6,v_19_2,15,0.001,42.66367547241162,57.33632452758838
Town01_T-Intersection,v_18_6,v_19_2,20,0.001,41.99775660430871,58.00224339569129
Town01_T-Intersection,v_18_6,v_19_2,25,0.001,41.59820528344697,58.40179471655303
Town01_T-Intersection,v_18_6,v_19_2,30,0.001,41.331837736205806,58.668162263794194
Town01_T-Intersection,v_18_6,v_19_2,5,0.001,47.99102641723485,52.00897358276515
Town01_T-Intersection,v_18_6,v_19_4,10,0.001,23.700858659543965,76.29914134045603
Town01_T-Intersection,v_18_6,v_19_4,15,0.001,22.467239106362644,77.53276089363736
Town01_T-Intersection,v_18_6,v_19_4,20,0.001,21.850429329771984,78.14957067022802
Town01_T-Intersection,v_18_6,v_19_4,25,0.001,21.480343463817587,78.51965653618241
Town01_T-Intersection,v_18_6,v_19_4,30,0.001,21.23361955318132,78.76638044681869
Town01_T-Intersection,v_18_6,v_19_4,5,0.001,27.401717319087933,72.59828268091206
Town01_T-Intersection,v_18_6,v_19_6,10,0.9965030729879143,3.6000006505901707,96.39999934940982
Town01_T-Intersection,v_18_6,v_19_6,15,0.4703876745665665,2.40000043372678,97.59999956627323
Town01_T-Intersection,v_18_6,v_19_6,20,0.11195766578882907,1.8000003252950854,98.19999967470491
Town01_T-Intersection,v_18_6,v_19_6,25,0.3428884830178899,1.4400002602360682,98.55999973976394
Town01_T-Intersection,v_18_6,v_19_6,30,0.8952225333110646,1.20000021686339,98.79999978313661
Town01_T-Intersection,v_18_6,v_19_6,5,0.8816455143430656,7.200001301180341,92.79999869881966
Town01_T-Intersection,v_18_7,v_19_5,10,0.001,23.700847971063233,76.29915202893676
Town01_T-Intersection,v_18_7,v_19_5,15,0.001,22.46723198070882,77.53276801929118
Town01_T-Intersection,v_18_7,v_19_5,20,0.001,21.850423985531616,78.14957601446838
Town01_T-Intersection,v_18_7,v_19_5,25,0.001,21.480339188425294,78.51966081157471
Town01_T-Intersection,v_18_7,v_19_5,30,0.001,21.233615990354412,78.76638400964559
Town01_T-Intersection,v_18_7,v_19_5,5,0.001,27.401695942126466,72.59830405787353
Town01_T-Intersection,v_18_7,v_19_7,10,0.6588564074823497,3.5999896609131183,96.40001033908688
Town01_T-Intersection,v_18_7,v_19_7,15,0.7188455989520692,2.399993107275412,97.6000068927246
Town01_T-Intersection,v_18_7,v_19_7,20,0.6708184037438245,1.7999948304565592,98.20000516954345
Town01_T-Intersection,v_18_7,v_19_7,25,0.8306991409964831,1.439995864365247,98.56000413563476
Town01_T-Intersection,v_18_7,v_19_7,30,0.8688013636334612,1.199996553637706,98.8000034463623
Town01_T-Intersection,v_18_7,v_19_7,5,0.5549767491465066,7.199979321826237,92.80002067817377
Town01_T-Intersection,v_18_7,v_19_1,10,0.3862173909825224,64.463277188506,35.536722811494
Town01_T-Intersection,v_18_7,v_19_1,15,0.385873771162632,62.97551812567066,37.02448187432934
Town01_T-Intersection,v_18_7,v_19_1,20,0.23074624870601623,62.231638594253,37.768361405747
Town01_T-Intersection,v_18_7,v_19_1,25,0.808074448553302,61.785310875402395,38.214689124597605
Town01_T-Intersection,v_18_7,v_19_1,30,0.6712988197985296,61.48775906283533,38.51224093716467
Town01_T-Intersection,v_18_7,v_19_1,5,0.21537965401547354,68.92655437701198,31.073445622988018
Town01_T-Intersection,v_18_7,v_19_3,10,0.8193584640907078,43.995503357288456,56.004496642711544
Town01_T-Intersection,v_18_7,v_19_3,15,0.769407907307288,42.66366890485897,57.33633109514103
Town01_T-Intersection,v_18_7,v_19_3,20,0.9130544400216626,41.99775167864423,58.00224832135577
Town01_T-Intersection,v_18_7,v_19_3,25,0.7883972158738521,41.59820134291538,58.40179865708462
Town01_T-Intersection,v_18_7,v_19_3,30,0.34876146948126485,41.33183445242948,58.66816554757052
Town01_T-Intersection,v_18_7,v_19_3,5,0.5646319622048165,47.99100671457691,52.00899328542309
Town01_T-Intersection,v_18_7,v_19_2,10,0.2811410238685762,54.20936232301909,45.79063767698091
Town01_T-Intersection,v_18_7,v_19_2,15,0.9025178301703021,52.806241548679395,47.193758451320605
Town01_T-Intersection,v_18_7,v_19_2,20,0.4582878538637184,52.104681161509546,47.895318838490454
Town01_T-Intersection,v_18_7,v_19_2,25,0.9915865619428602,51.683744929207634,48.316255070792366
Town01_T-Intersection,v_18_7,v_19_2,30,0.609328262711789,51.4031207743397,48.5968792256603
Town01_T-Intersection,v_18_7,v_19_2,5,0.12967932458499348,58.418724646038186,41.581275353961814
Town01_T-Intersection,v_18_7,v_19_4,10,0.001,33.82501637663869,66.1749836233613
Town01_T-Intersection,v_18_7,v_19_4,15,0.001,32.55001091775913,67.44998908224088
Town01_T-Intersection,v_18_7,v_19_4,20,0.001,31.912508188319347,68.08749181168065
Town01_T-Intersection,v_18_7,v_19_4,25,0.001,31.53000655065548,68.46999344934451
Town01_T-Intersection,v_18_7,v_19_4,30,0.001,31.275005458879566,68.72499454112044
Town01_T-Intersection,v_18_7,v_19_4,5,0.001,37.65003275327739,62.34996724672261
Town01_T-Intersection,v_18_7,v_19_6,10,0.001,13.625335995243558,86.37466400475644
Town01_T-Intersection,v_18_7,v_19_6,15,0.001,12.416890663495705,87.5831093365043
Town01_T-Intersection,v_18_7,v_19_6,20,0.001,11.81266799762178,88.18733200237821
Town01_T-Intersection,v_18_7,v_19_6,25,0.001,11.450134398097424,88.54986560190258
Town01_T-Intersection,v_18_7,v_19_6,30,0.001,11.208445331747853,88.79155466825215
Town01_T-Intersection,v_18_7,v_19_6,5,0.001,17.250671990487117,82.74932800951288
Town01_T-Intersection,v_20_7,v_21_1,10,0.001,63.625347677671,36.374652322329
Town01_T-Intersection,v_20_7,v_21_1,15,0.001,62.41689845178067,37.58310154821933
Town01_T-Intersection,v_20_7,v_21_1,20,0.001,61.8126738388355,38.1873261611645
Town01_T-Intersection,v_20_7,v_21_1,25,0.001,61.4501390710684,38.5498609289316
Town01_T-Intersection,v_20_7,v_21_1,30,0.001,61.208449225890334,38.791550774109666
Town01_T-Intersection,v_20_7,v_21_1,5,0.001,67.250695355342,32.749304644658
Town01_T-Intersection,v_19_6,v_20_6,10,0.001,3.599995164045413,96.40000483595459
Town01_T-Intersection,v_19_6,v_20_6,15,0.001,2.399996776030275,97.60000322396972
Town01_T-Intersection,v_19_6,v_20_6,20,0.001,1.7999975820227065,98.20000241797729
Town01_T-Intersection,v_19_6,v_20_6,25,0.001,1.439998065618165,98.56000193438183
Town01_T-Intersection,v_19_6,v_20_6,30,0.001,1.1999983880151375,98.80000161198487
Town01_T-Intersection,v_19_6,v_20_6,5,0.001,7.199990328090826,92.80000967190918
Town01_T-Intersection,v_19_6,v_20_4,10,0.001,23.70085494658512,76.29914505341488
Town01_T-Intersection,v_19_6,v_20_4,15,0.001,22.46723663105675,77.53276336894325
Town01_T-Intersection,v_19_6,v_20_4,20,0.001,21.850427473292562,78.14957252670743
Town01_T-Intersection,v_19_6,v_20_4,25,0.001,21.480341978634048,78.51965802136596
Town01_T-Intersection,v_19_6,v_20_4,30,0.001,21.233618315528375,78.76638168447163
Town01_T-Intersection,v_19_6,v_20_4,5,0.001,27.401709893170246,72.59829010682975
Town01_T-Intersection,v_19_6,v_20_5,10,0.001,13.62534222365728,86.37465777634272
Town01_T-Intersection,v_19_6,v_20_5,15,0.001,12.416894815771519,87.58310518422849
Town01_T-Intersection,v_19_6,v_20_5,20,0.001,11.81267111182864,88.18732888817136
Town01_T-Intersection,v_19_6,v_20_5,25,0.001,11.450136889462911,88.54986311053709
Town01_T-Intersection,v_19_6,v_20_5,30,0.001,11.20844740788576,88.79155259211424
Town01_T-Intersection,v_19_6,v_20_5,5,0.001,17.25068444731456,82.74931555268545
Town01_T-Intersection,v_19_6,v_20_3,10,0.001,33.825024216269796,66.1749757837302
Town01_T-Intersection,v_19_6,v_20_3,15,0.001,32.550016144179864,67.44998385582014
Town01_T-Intersection,v_19_6,v_20_3,20,0.001,31.912512108134898,68.0874878918651
Town01_T-Intersection,v_19_6,v_20_3,25,0.001,31.530009686507917,68.46999031349208
Town01_T-Intersection,v_19_6,v_20_3,30,0.001,31.275008072089932,68.72499192791007
Town01_T-Intersection,v_19_6,v_20_3,5,0.001,37.65004843253959,62.34995156746041
Town01_T-Intersection,v_19_6,v_20_1,10,0.4533714529056714,54.20937256642736,45.79062743357264
Town01_T-Intersection,v_19_6,v_20_1,15,0.4078512887468845,52.80624837761824,47.19375162238176
Town01_T-Intersection,v_19_6,v_20_1,20,0.5656130726001682,52.10468628321368,47.89531371678632
Town01_T-Intersection,v_19_6,v_20_1,25,0.9881964999528369,51.68374902657094,48.31625097342906
Town01_T-Intersection,v_19_6,v_20_1,30,0.9886897519955318,51.40312418880912,48.59687581119088
Town01_T-Intersection,v_19_6,v_20_1,5,0.24050368446719145,58.418745132854724,41.581254867145276
Town01_T-Intersection,v_19_6,v_20_7,10,0.5272988469155571,13.625336046448572,86.37466395355143
Town01_T-Intersection,v_19_6,v_20_7,15,0.3724827567187885,12.41689069763238,87.58310930236762
Town01_T-Intersection,v_19_6,v_20_7,20,0.6479578932026248,11.812668023224287,88.18733197677571
Town01_T-Intersection,v_19_6,v_20_7,25,0.16002618959977366,11.45013441857943,88.54986558142058
Town01_T-Intersection,v_19_6,v_20_7,30,0.680447535078292,11.208445348816191,88.79155465118382
Town01_T-Intersection,v_19_6,v_20_7,5,0.12719727078125434,17.250672092897144,82.74932790710285
Town01_T-Intersection,v_19_6,v_20_2,10,0.14121962274968108,43.99551225859732,56.00448774140268
Town01_T-Intersection,v_19_6,v_20_2,15,0.8092947721717415,42.66367483906488,57.33632516093512
Town01_T-Intersection,v_19_6,v_20_2,20,0.5469571461096102,41.99775612929866,58.00224387070134
Town01_T-Intersection,v_19_6,v_20_2,25,0.3195370648801529,41.598204903438926,58.401795096561074
Town01_T-Intersection,v_19_6,v_20_2,30,0.5623115770825878,41.33183741953244,58.66816258046756
Town01_T-Intersection,v_19_6,v_20_2,5,0.9570893289560062,47.99102451719464,52.00897548280536
Town01_T-Intersection,v_20_2,v_21_1,10,0.4983021386213464,13.995493663649988,86.00450633635
Town01_T-Intersection,v_20_2,v_21_1,15,0.832376003020818,12.663662442433324,87.33633755756668
Town01_T-Intersection,v_20_2,v_21_1,20,0.7362038378176993,11.997746831824994,88.002253168175
Town01_T-Intersection,v_20_2,v_21_1,25,0.18366014706916245,11.598197465459995,88.40180253454001
Town01_T-Intersection,v_20_2,v_21_1,30,0.3061671922365825,11.331831221216662,88.66816877878334
Town01_T-Intersection,v_20_2,v_21_1,5,0.8622997178032585,17.990987327299976,82.00901267270002
Town01_T-Intersection,v_18_1,v_19_5,10,0.6376862604181397,43.99554688774057,56.00445311225943
Town01_T-Intersection,v_18_1,v_19_5,15,0.3461643546432189,42.663697925160385,57.336302074839615
Town01_T-Intersection,v_18_1,v_19_5,20,0.43354271671776845,41.99777344387029,58.00222655612971
Town01_T-Intersection,v_18_1,v_19_5,25,0.16301199289453333,41.598218755096234,58.401781244903766
Town01_T-Intersection,v_18_1,v_19_5,30,0.3442329534560814,41.33184896258019,58.66815103741981
Town01_T-Intersection,v_18_1,v_19_5,5,0.8516104113623537,47.991093775481154,52.008906224518846
Town01_T-Intersection,v_18_1,v_19_7,10,0.001,64.46331086986083,35.536689130139166
Town01_T-Intersection,v_18_1,v_19_7,15,0.001,62.975540579907225,37.024459420092775
Town01_T-Intersection,v_18_1,v_19_7,20,0.001,62.23165543493042,37.76834456506958
Town01_T-Intersection,v_18_1,v_19_7,25,0.001,61.78532434794433,38.21467565205567
Town01_T-Intersection,v_18_1,v_19_7,30,0.001,61.48777028995361,38.51222971004639
Town01_T-Intersection,v_18_1,v_19_7,5,0.001,68.92662173972167,31.073378260278332
Town01_T-Intersection,v_18_1,v_19_1,10,0.001,3.6000555989753917,96.39994440102461
Town01_T-Intersection,v_18_1,v_19_1,15,0.001,2.4000370659835943,97.5999629340164
Town01_T-Intersection,v_18_1,v_19_1,20,0.001,1.8000277994876959,98.1999722005123
Town01_T-Intersection,v_18_1,v_19_1,25,0.001,1.4400222395901565,98.55997776040985
Town01_T-Intersection,v_18_1,v_19_1,30,0.001,1.2000185329917972,98.79998146700821
Town01_T-Intersection,v_18_1,v_19_1,5,0.001,7.2001111979507835,92.79988880204921
Town01_T-Intersection,v_18_1,v_19_3,10,0.9576381875158464,23.700903120427057,76.29909687957294
Town01_T-Intersection,v_18_1,v_19_3,15,0.8665290094818865,22.46726874695137,77.53273125304864
Town01_T-Intersection,v_18_1,v_19_3,20,0.8028506854321176,21.85045156021353,78.14954843978647
Town01_T-Intersection,v_18_1,v_19_3,25,0.440169456610465,21.480361248170823,78.51963875182918
Town01_T-Intersection,v_18_1,v_19_3,30,0.9812643863695061,21.233634373475684,78.76636562652432
Town01_T-Intersection,v_18_1,v_19_3,5,0.14894032911420996,27.401806240854114,72.59819375914589
Town01_T-Intersection,v_18_1,v_19_2,10,0.001,13.625396824756436,86.37460317524356
Town01_T-Intersection,v_18_1,v_19_2,15,0.001,12.41693121650429,87.5830687834957
Town01_T-Intersection,v_18_1,v_19_2,20,0.001,11.812698412378218,88.18730158762179
Town01_T-Intersection,v_18_1,v_19_2,25,0.001,11.450158729902574,88.54984127009743
Town01_T-Intersection,v_18_1,v_19_2,30,0.001,11.208465608252146,88.79153439174786
Town01_T-Intersection,v_18_1,v_19_2,5,0.001,17.25079364951287,82.74920635048713
Town01_T-Intersection,v_18_1,v_19_4,10,0.001,33.82506564177537,66.17493435822463
Town01_T-Intersection,v_18_1,v_19_4,15,0.001,32.550043761183574,67.44995623881643
Town01_T-Intersection,v_18_1,v_19_4,20,0.001,31.912532820887684,68.08746717911231
Town01_T-Intersection,v_18_1,v_19_4,25,0.001,31.530026256710148,68.46997374328986
Town01_T-Intersection,v_18_1,v_19_4,30,0.001,31.275021880591787,68.7249781194082
Town01_T-Intersection,v_18_1,v_19_4,5,0.001,37.650131283550735,62.349868716449265
Town01_T-Intersection,v_18_1,v_19_6,10,0.7221752269350806,54.20940058613978,45.79059941386022
Town01_T-Intersection,v_18_1,v_19_6,15,0.42533424637977635,52.80626705742652,47.19373294257348
Town01_T-Intersection,v_18_1,v_19_6,20,0.6886106444716122,52.10470029306989,47.89529970693011
Town01_T-Intersection,v_18_1,v_19_6,25,0.7248079194901799,51.68376023445591,48.31623976554409
Town01_T-Intersection,v_18_1,v_19_6,30,0.6566882609863979,51.40313352871326,48.59686647128674
Town01_T-Intersection,v_18_1,v_19_6,5,0.7374136471390775,58.41880117227956,41.58119882772044
Town01_T-Intersection,v_7_1,v_8_1,10,0.001,3.6000274775927017,96.3999725224073
Town01_T-Intersection,v_7_1,v_8_1,15,0.001,2.4000183183951345,97.59998168160486
Town01_T-Intersection,v_7_1,v_8_1,20,0.001,1.8000137387963508,98.19998626120365
Town01_T-Intersection,v_7_1,v_8_1,25,0.001,1.4400109910370806,98.55998900896292
Town01_T-Intersection,v_7_1,v_8_1,30,0.001,1.2000091591975672,98.79999084080244
Town01_T-Intersection,v_7_1,v_8_1,5,0.001,7.200054955185403,92.79994504481459
Town01_T-Intersection,v_7_1,v_8_2,10,0.643749239424999,13.625366974981963,86.37463302501804
Town01_T-Intersection,v_7_1,v_8_2,15,0.9797201400677948,12.416911316654641,87.58308868334535
Town01_T-Intersection,v_7_1,v_8_2,20,0.9489224681101253,11.812683487490983,88.18731651250901
Town01_T-Intersection,v_7_1,v_8_2,25,0.17121799096643703,11.450146789992786,88.54985321000721
Town01_T-Intersection,v_7_1,v_8_2,30,0.18172138727588616,11.20845565832732,88.79154434167268
Town01_T-Intersection,v_7_1,v_8_2,5,0.8694340154291077,17.250733949963927,82.74926605003607
Town01_T-Intersection,v_7_1,v_8_7,10,0.001,64.46327665445388,35.53672334554612
Town01_T-Intersection,v_7_1,v_8_7,15,0.001,62.975517769635914,37.024482230364086
Town01_T-Intersection,v_7_1,v_8_7,20,0.001,62.23163832722694,37.76836167277306
Town01_T-Intersection,v_7_1,v_8_7,25,0.001,61.78531066178155,38.21468933821845
Town01_T-Intersection,v_7_1,v_8_7,30,0.001,61.48775888481796,38.51224111518204
Town01_T-Intersection,v_7_1,v_8_7,5,0.001,68.92655330890776,31.073446691092244
Town01_T-Intersection,v_7_1,v_8_3,10,0.5587043857378574,23.700871905453162,76.29912809454683
Town01_T-Intersection,v_7_1,v_8_3,15,0.8519975975175763,22.467247936968775,77.53275206303123
Town01_T-Intersection,v_7_1,v_8_3,20,0.3825837098869913,21.85043595272658,78.14956404727342
Town01_T-Intersection,v_7_1,v_8_3,25,0.8313016158381387,21.480348762181265,78.51965123781874
Town01_T-Intersection,v_7_1,v_8_3,30,0.12246311219642284,21.233623968484387,78.76637603151562
Town01_T-Intersection,v_7_1,v_8_3,5,0.5444726580780005,27.40174381090632,72.59825618909368
Town01_T-Intersection,v_7_1,v_8_4,10,0.001,33.82503337523143,66.17496662476857
Town01_T-Intersection,v_7_1,v_8_4,15,0.001,32.550022250154285,67.44997774984571
Town01_T-Intersection,v_7_1,v_8_4,20,0.001,31.912516687615714,68.08748331238428
Town01_T-Intersection,v_7_1,v_8_4,25,0.001,31.53001335009257,68.46998664990743
Town01_T-Intersection,v_7_1,v_8_4,30,0.001,31.275011125077143,68.72498887492286
Town01_T-Intersection,v_7_1,v_8_4,5,0.001,37.65006675046285,62.34993324953715
Town01_T-Intersection,v_7_1,v_8_6,10,0.001,54.20936688856695,45.79063311143305
Town01_T-Intersection,v_7_1,v_8_6,15,0.001,52.806244592377965,47.193755407622035
Town01_T-Intersection,v_7_1,v_8_6,20,0.001,52.104683444283474,47.895316555716526
Town01_T-Intersection,v_7_1,v_8_6,25,0.001,51.68374675542678,48.31625324457322
Town01_T-Intersection,v_7_1,v_8_6,30,0.001,51.40312229618898,48.59687770381102
Town01_T-Intersection,v_7_1,v_8_6,5,0.001,58.4187337771339,41.5812662228661
Town01_T-Intersection,v_7_1,v_8_5,10,0.9736741451657297,43.995513818705945,56.004486181294055
Town01_T-Intersection,v_7_1,v_8_5,15,0.8373287379241079,42.663675879137294,57.336324120862706
Town01_T-Intersection,v_7_1,v_8_5,20,0.7004632217731259,41.99775690935297,58.00224309064703
Town01_T-Intersection,v_7_1,v_8_5,25,0.33177491851785523,41.59820552748238,58.40179447251762
Town01_T-Intersection,v_7_1,v_8_5,30,0.9703852040095754,41.33183793956864,58.66816206043136
Town01_T-Intersection,v_7_1,v_8_5,5,0.9501997766319129,47.99102763741188,52.00897236258812
Town01_T-Intersection,v_5_4,v_6_6,10,0.3983706616567705,23.70084663239635,76.29915336760365
Town01_T-Intersection,v_5_4,v_6_6,15,0.2562529997100621,22.46723108826423,77.53276891173577
Town01_T-Intersection,v_5_4,v_6_6,20,0.15003863181115729,21.850423316198174,78.14957668380183
Town01_T-Intersection,v_5_4,v_6_6,25,0.6489743712404815,21.48033865295854,78.51966134704146
Town01_T-Intersection,v_5_4,v_6_6,30,0.5000353288030704,21.233615544132114,78.7663844558679
Town01_T-Intersection,v_5_4,v_6_6,5,0.8134787135686766,27.401693264792694,72.5983067352073
Town01_T-Intersection,v_5_4,v_6_2,10,0.38387402860051,23.700839092854515,76.29916090714548
Town01_T-Intersection,v_5_4,v_6_2,15,0.8806602526793894,22.46722606190301,77.532773938097
Town01_T-Intersection,v_5_4,v_6_2,20,0.48961369962176593,21.850419546427258,78.14958045357274
Town01_T-Intersection,v_5_4,v_6_2,25,0.2596306773882598,21.480335637141806,78.5196643628582
Town01_T-Intersection,v_5_4,v_6_2,30,0.5206321433327247,21.233613030951506,78.7663869690485
Town01_T-Intersection,v_5_4,v_6_2,5,0.9753937674401687,27.40167818570903,72.59832181429097
Town01_T-Intersection,v_5_4,v_6_4,10,0.614535814439553,3.5999890258934357,96.40001097410656
Town01_T-Intersection,v_5_4,v_6_4,15,0.34959538414863767,2.399992683928957,97.60000731607104
Town01_T-Intersection,v_5_4,v_6_4,20,0.2851885803284148,1.7999945129467179,98.20000548705329
Town01_T-Intersection,v_5_4,v_6_4,25,0.4330034344059498,1.4399956103573743,98.56000438964263
Town01_T-Intersection,v_5_4,v_6_4,30,0.5094447654245113,1.1999963419644786,98.80000365803552
Town01_T-Intersection,v_5_4,v_6_4,5,0.45500448327207454,7.1999780517868714,92.80002194821313
Town01_T-Intersection,v_5_4,v_6_5,10,0.001,13.625334972146685,86.37466502785331
Town01_T-Intersection,v_5_4,v_6_5,15,0.001,12.416889981431122,87.58311001856887
Town01_T-Intersection,v_5_4,v_6_5,20,0.001,11.812667486073343,88.18733251392666
Town01_T-Intersection,v_5_4,v_6_5,25,0.001,11.450133988858674,88.54986601114132
Town01_T-Intersection,v_5_4,v_6_5,30,0.001,11.208444990715561,88.79155500928444
Town01_T-Intersection,v_5_4,v_6_5,5,0.001,17.25066994429337,82.74933005570662
Town01_T-Intersection,v_5_4,v_6_3,10,0.569962700895817,13.625331107152928,86.37466889284707
Town01_T-Intersection,v_5_4,v_6_3,15,0.3705403843727122,12.416887404768618,87.58311259523138
Town01_T-Intersection,v_5_4,v_6_3,20,0.8709676283547735,11.812665553576464,88.18733444642353
Town01_T-Intersection,v_5_4,v_6_3,25,0.6743752941138338,11.450132442861172,88.54986755713882
Town01_T-Intersection,v_5_4,v_6_3,30,0.683545907301248,11.20844370238431,88.79155629761568
Town01_T-Intersection,v_5_4,v_6_3,5,0.856492428796504,17.250662214305855,82.74933778569414
Town01_T-Intersection,v_5_4,v_6_1,10,0.001,33.82500400204291,66.1749959979571
Town01_T-Intersection,v_5_4,v_6_1,15,0.001,32.550002668028604,67.44999733197139
Town01_T-Intersection,v_5_4,v_6_1,20,0.001,31.912502001021455,68.08749799897855
Town01_T-Intersection,v_5_4,v_6_1,25,0.001,31.530001600817165,68.46999839918283
Town01_T-Intersection,v_5_4,v_6_1,30,0.001,31.275001334014302,68.7249986659857
Town01_T-Intersection,v_5_4,v_6_1,5,0.001,37.65000800408582,62.34999199591418
Town01_T-Intersection,v_5_4,v_6_7,10,0.9171684885693477,33.82501485255053,66.17498514744946
Town01_T-Intersection,v_5_4,v_6_7,15,0.4607923313935466,32.550009901700356,67.44999009829965
Town01_T-Intersection,v_5_4,v_6_7,20,0.9966674452657324,31.912507426275265,68.08749257372473
Town01_T-Intersection,v_5_4,v_6_7,25,0.6514082392537789,31.530005941020214,68.46999405897978
Town01_T-Intersection,v_5_4,v_6_7,30,0.23457224256230408,31.275004950850178,68.72499504914983
Town01_T-Intersection,v_5_4,v_6_7,5,0.20644679261852683,37.65002970510106,62.34997029489894
Town01_T-Intersection,v_6_6,v_7_7,10,0.9621675908458392,13.625346265302742,86.37465373469726
Town01_T-Intersection,v_6_6,v_7_7,15,0.9478857115119039,12.416897510201828,87.58310248979816
Town01_T-Intersection,v_6_6,v_7_7,20,0.613351028458146,11.812673132651371,88.18732686734863
Town01_T-Intersection,v_6_6,v_7_7,25,0.569000491302965,11.450138506121096,88.54986149387891
Town01_T-Intersection,v_6_6,v_7_7,30,0.20704978746861047,11.208448755100914,88.79155124489908
Town01_T-Intersection,v_6_6,v_7_7,5,0.22284018571275638,17.250692530605484,82.74930746939452
Town01_T-Intersection,v_6_6,v_7_1,10,0.001,54.20935161659597,45.79064838340403
Town01_T-Intersection,v_6_6,v_7_1,15,0.001,52.806234411063976,47.193765588936024
Town01_T-Intersection,v_6_6,v_7_1,20,0.001,52.10467580829798,47.89532419170202
Town01_T-Intersection,v_6_6,v_7_1,25,0.001,51.683740646638384,48.316259353361616
Town01_T-Intersection,v_6_6,v_7_1,30,0.001,51.40311720553199,48.59688279446801
Town01_T-Intersection,v_6_6,v_7_1,5,0.001,58.418703233191934,41.581296766808066
Town01_T-Intersection,v_6_6,v_7_2,10,0.9433504060672703,43.995496022320104,56.004503977679896
Town01_T-Intersection,v_6_6,v_7_2,15,0.9316034242287827,42.66366401488007,57.33633598511993
Town01_T-Intersection,v_6_6,v_7_2,20,0.16141369120996663,41.99774801116005,58.00225198883995
Town01_T-Intersection,v_6_6,v_7_2,25,0.30614978326343856,41.59819840892804,58.40180159107196
Town01_T-Intersection,v_6_6,v_7_2,30,0.8037498532460742,41.331832007440035,58.668167992559965
Town01_T-Intersection,v_6_6,v_7_2,5,0.8958610113223117,47.99099204464021,52.00900795535979
Town01_T-Intersection,v_6_6,v_7_3,10,0.001,33.82501298747061,66.17498701252939
Town01_T-Intersection,v_6_6,v_7_3,15,0.001,32.550008658313736,67.44999134168626
Town01_T-Intersection,v_6_6,v_7_3,20,0.001,31.912506493735304,68.08749350626469
Town01_T-Intersection,v_6_6,v_7_3,25,0.001,31.53000519498824,68.46999480501177
Town01_T-Intersection,v_6_6,v_7_3,30,0.001,31.275004329156868,68.72499567084313
Town01_T-Intersection,v_6_6,v_7_3,5,0.001,37.650025974941215,62.349974025058785
Town01_T-Intersection,v_6_6,v_7_4,10,0.001,23.700848962169395,76.2991510378306
Town01_T-Intersection,v_6_6,v_7_4,15,0.001,22.467232641446262,77.53276735855374
Town01_T-Intersection,v_6_6,v_7_4,20,0.001,21.850424481084698,78.1495755189153
Town01_T-Intersection,v_6_6,v_7_4,25,0.001,21.480339584867757,78.51966041513225
Town01_T-Intersection,v_6_6,v_7_4,30,0.001,21.23361632072313,78.76638367927687
Town01_T-Intersection,v_6_6,v_7_4,5,0.001,27.401697924338787,72.59830207566121
Town01_T-Intersection,v_6_6,v_7_6,10,0.30831825831332205,3.6000000117725293,96.39999998822748
Town01_T-Intersection,v_6_6,v_7_6,15,0.5904592485600216,2.4000000078483525,97.59999999215165
Town01_T-Intersection,v_6_6,v_7_6,20,0.9520669035704254,1.8000000058862646,98.19999999411374
Town01_T-Intersection,v_6_6,v_7_6,25,0.441491885818853,1.4400000047090116,98.559999995291
Town01_T-Intersection,v_6_6,v_7_6,30,0.25146643605449837,1.2000000039241763,98.79999999607583
Town01_T-Intersection,v_6_6,v_7_6,5,0.4338647328261135,7.2000000235450585,92.79999997645494
Town01_T-Intersection,v_6_6,v_7_5,10,0.2595883523728075,13.62534163275311,86.3746583672469
Town01_T-Intersection,v_6_6,v_7_5,15,0.1488138519972415,12.416894421835405,87.58310557816459
Town01_T-Intersection,v_6_6,v_7_5,20,0.835895771806795,11.812670816376555,88.18732918362345
Town01_T-Intersection,v_6_6,v_7_5,25,0.6043441149253022,11.450136653101243,88.54986334689876
Town01_T-Intersection,v_6_6,v_7_5,30,0.18454410863396584,11.208447210917702,88.7915527890823
Town01_T-Intersection,v_6_6,v_7_5,5,0.47757429079531455,17.25068326550622,82.74931673449379
Town01_T-Intersection,v_7_2,v_8_1,10,0.001,13.625370017557039,86.37462998244297
Town01_T-Intersection,v_7_2,v_8_1,15,0.001,12.416913345038026,87.58308665496197
Town01_T-Intersection,v_7_2,v_8_1,20,0.001,11.81268500877852,88.18731499122148
Town01_T-Intersection,v_7_2,v_8_1,25,0.001,11.450148007022815,88.54985199297718
Town01_T-Intersection,v_7_2,v_8_1,30,0.001,11.208456672519013,88.79154332748098
Town01_T-Intersection,v_7_2,v_8_1,5,0.001,17.250740035114077,82.74925996488592
Town01_T-Intersection,v_7_2,v_8_2,10,0.001,3.60002198442866,96.39997801557134
Town01_T-Intersection,v_7_2,v_8_2,15,0.001,2.400014656285773,97.59998534371422
Town01_T-Intersection,v_7_2,v_8_2,20,0.001,1.80001099221433,98.19998900778567
Town01_T-Intersection,v_7_2,v_8_2,25,0.001,1.4400087937714638,98.55999120622853
Town01_T-Intersection,v_7_2,v_8_2,30,0.001,1.2000073281428865,98.79999267185711
Town01_T-Intersection,v_7_2,v_8_2,5,0.001,7.20004396885732,92.79995603114268
Town01_T-Intersection,v_7_2,v_8_7,10,0.001,54.20936225115354,45.79063774884646
Town01_T-Intersection,v_7_2,v_8_7,15,0.001,52.806241500769026,47.193758499230974
Town01_T-Intersection,v_7_2,v_8_7,20,0.001,52.10468112557677,47.89531887442323
Town01_T-Intersection,v_7_2,v_8_7,25,0.001,51.68374490046141,48.31625509953859
Town01_T-Intersection,v_7_2,v_8_7,30,0.001,51.40312075038452,48.59687924961548
Town01_T-Intersection,v_7_2,v_8_7,5,0.001,58.41872450230708,41.58127549769292
Town01_T-Intersection,v_7_2,v_8_3,10,0.41180517984394416,13.625361520044036,86.37463847995596
Town01_T-Intersection,v_7_2,v_8_3,15,0.4219906115231171,12.416907680029357,87.58309231997065
Town01_T-Intersection,v_7_2,v_8_3,20,0.5882504473011423,11.812680760022019,88.18731923997798
Town01_T-Intersection,v_7_2,v_8_3,25,0.35158039513314565,11.450144608017615,88.54985539198239
Town01_T-Intersection,v_7_2,v_8_3,30,0.48161587001856077,11.208453840014679,88.79154615998532
Town01_T-Intersection,v_7_2,v_8_3,5,0.41784807583536077,17.250723040088072,82.74927695991192
Town01_T-Intersection,v_7_2,v_8_4,10,0.001,23.70086656284466,76.29913343715535
Town01_T-Intersection,v_7_2,v_8_4,15,0.001,22.46724437522977,77.53275562477023
Town01_T-Intersection,v_7_2,v_8_4,20,0.001,21.85043328142233,78.14956671857767
Town01_T-Intersection,v_7_2,v_8_4,25,0.001,21.480346625137862,78.51965337486214
Town01_T-Intersection,v_7_2,v_8_4,30,0.001,21.233622187614884,78.76637781238512
Town01_T-Intersection,v_7_2,v_8_4,5,0.001,27.401733125689315,72.59826687431068
Town01_T-Intersection,v_7_2,v_8_6,10,0.001,43.9955088935489,56.0044911064511
Town01_T-Intersection,v_7_2,v_8_6,15,0.001,42.66367259569927,57.33632740430073
Town01_T-Intersection,v_7_2,v_8_6,20,0.001,41.99775444677445,58.00224555322555
Town01_T-Intersection,v_7_2,v_8_6,25,0.001,41.59820355741956,58.40179644258044
Town01_T-Intersection,v_7_2,v_8_6,30,0.001,41.331836297849634,58.668163702150366
Town01_T-Intersection,v_7_2,v_8_6,5,0.001,47.9910177870978,52.0089822129022
Town01_T-Intersection,v_7_2,v_8_5,10,0.9959904605973727,33.82502821262938,66.17497178737062
Town01_T-Intersection,v_7_2,v_8_5,15,0.1251731766077221,32.55001880841959,67.4499811915804
Town01_T-Intersection,v_7_2,v_8_5,20,0.6591998221430376,31.91251410631469,68.08748589368531
Town01_T-Intersection,v_7_2,v_8_5,25,0.9915225834220466,31.530011285051753,68.46998871494824
Town01_T-Intersection,v_7_2,v_8_5,30,0.9888652791964858,31.275009404209793,68.7249905957902
Town01_T-Intersection,v_7_2,v_8_5,5,0.7642588329057507,37.650056425258754,62.349943574741246
Town01_T-Intersection,v_7_3,v_8_1,10,0.8029502689168591,23.700877930139917,76.29912206986009
Town01_T-Intersection,v_7_3,v_8_1,15,0.6077378766912095,22.46725195342661,77.53274804657339
Town01_T-Intersection,v_7_3,v_8_1,20,0.8327911192482963,21.85043896506996,78.14956103493004
Town01_T-Intersection,v_7_3,v_8_1,25,0.3691318067071824,21.48035117205597,78.51964882794402
Town01_T-Intersection,v_7_3,v_8_1,30,0.10520271411927143,21.233625976713306,78.76637402328669
Town01_T-Intersection,v_7_3,v_8_1,5,0.493400141670724,27.401755860279835,72.59824413972017
Town01_T-Intersection,v_7_3,v_8_2,10,0.001,13.625364562627126,86.37463543737287
Town01_T-Intersection,v_7_3,v_8_2,15,0.001,12.416909708418086,87.58309029158191
Town01_T-Intersection,v_7_3,v_8_2,20,0.001,11.812682281313563,88.18731771868644
Town01_T-Intersection,v_7_3,v_8_2,25,0.001,11.45014582505085,88.54985417494915
Town01_T-Intersection,v_7_3,v_8_2,30,0.001,11.208454854209043,88.79154514579096
Town01_T-Intersection,v_7_3,v_8_2,5,0.001,17.250729125254253,82.74927087474575
Town01_T-Intersection,v_7_3,v_8_7,10,0.001,43.99550396731523,56.00449603268477
Town01_T-Intersection,v_7_3,v_8_7,15,0.001,42.66366931154349,57.33633068845651
Town01_T-Intersection,v_7_3,v_8_7,20,0.001,41.997751983657615,58.002248016342385
Town01_T-Intersection,v_7_3,v_8_7,25,0.001,41.598201586926095,58.401798413073905
Town01_T-Intersection,v_7_3,v_8_7,30,0.001,41.33183465577174,58.66816534422826
Town01_T-Intersection,v_7_3,v_8_7,5,0.001,47.99100793463046,52.00899206536954
Town01_T-Intersection,v_7_3,v_8_3,10,0.8683438621006803,3.600016491264638,96.39998350873536
Town01_T-Intersection,v_7_3,v_8_3,15,0.31287331655382733,2.400010994176425,97.59998900582357
Town01_T-Intersection,v_7_3,v_8_3,20,0.48812500280416127,1.800008245632319,98.19999175436769
Town01_T-Intersection,v_7_3,v_8_3,25,0.25781934964415976,1.4400065965058553,98.55999340349415
Town01_T-Intersection,v_7_3,v_8_3,30,0.7897739110402638,1.2000054970882126,98.79999450291179
Town01_T-Intersection,v_7_3,v_8_3,5,0.13573425115894655,7.200032982529276,92.79996701747072
Town01_T-Intersection,v_7_3,v_8_4,10,0.7589251916890746,13.625356065106658,86.37464393489334
Town01_T-Intersection,v_7_3,v_8_4,15,0.8525872275543169,12.41690404340444,87.58309595659556
Town01_T-Intersection,v_7_3,v_8_4,20,0.7826417982330046,11.812678032553329,88.18732196744668
Town01_T-Intersection,v_7_3,v_8_4,25,0.5298842590480776,11.450142426042664,88.54985757395734
Town01_T-Intersection,v_7_3,v_8_4,30,0.47504864489257126,11.20845202170222,88.79154797829779
Town01_T-Intersection,v_7_3,v_8_4,5,0.5332684525812816,17.250712130213316,82.74928786978668
Town01_T-Intersection,v_7_3,v_8_6,10,0.001,33.82502305002833,66.17497694997166
Town01_T-Intersection,v_7_3,v_8_6,15,0.001,32.55001536668555,67.44998463331444
Town01_T-Intersection,v_7_3,v_8_6,20,0.001,31.912511525014164,68.08748847498583
Town01_T-Intersection,v_7_3,v_8_6,25,0.001,31.53000922001133,68.46999077998868
Town01_T-Intersection,v_7_3,v_8_6,30,0.001,31.275007683342775,68.72499231665722
Town01_T-Intersection,v_7_3,v_8_6,5,0.001,37.650046100056656,62.349953899943344
Town01_T-Intersection,v_7_3,v_8_5,10,0.6754021265809012,23.700861220237456,76.29913877976254
Town01_T-Intersection,v_7_3,v_8_5,15,0.8302208856332748,22.467240813491635,77.53275918650837
Town01_T-Intersection,v_7_3,v_8_5,20,0.11161609109443196,21.85043061011873,78.14956938988126
Town01_T-Intersection,v_7_3,v_8_5,25,0.8139109050675317,21.480344488094982,78.51965551190501
Town01_T-Intersection,v_7_3,v_8_5,30,0.5313048279571841,21.233620406745818,78.76637959325419
Town01_T-Intersection,v_7_3,v_8_5,5,0.9571863957447813,27.401722440474913,72.59827755952509
Town01_T-Intersection,v_7_4,v_8_1,10,0.7639769037172561,33.82504226704286,66.17495773295714
Town01_T-Intersection,v_7_4,v_8_1,15,0.4165736994424388,32.550028178028576,67.44997182197142
Town01_T-Intersection,v_7_4,v_8_1,20,0.669904924231373,31.91252113352143,68.08747886647856
Town01_T-Intersection,v_7_4,v_8_1,25,0.4838317577076875,31.530016906817146,68.46998309318286
Town01_T-Intersection,v_7_4,v_8_1,30,0.9004412816826247,31.275014089014288,68.72498591098571
Town01_T-Intersection,v_7_4,v_8_1,5,0.7503152991584713,37.65008453408572,62.34991546591428
Town01_T-Intersection,v_7_4,v_8_2,10,0.3438912815431051,23.700872587539497,76.2991274124605
Town01_T-Intersection,v_7_4,v_8_2,15,0.9159804600100554,22.467248391692998,77.532751608307
Town01_T-Intersection,v_7_4,v_8_2,20,0.14627055268189804,21.850436293769746,78.14956370623025
Town01_T-Intersection,v_7_4,v_8_2,25,0.6725936598906677,21.4803490350158,78.51965096498421
Town01_T-Intersection,v_7_4,v_8_2,30,0.7244357796311169,21.2336241958465,78.7663758041535
Town01_T-Intersection,v_7_4,v_8_2,5,0.6589236608390533,27.401745175078993,72.59825482492101
Town01_T-Intersection,v_7_4,v_8_7,10,0.5021052026132306,33.825017887428245,66.17498211257175
Town01_T-Intersection,v_7_4,v_8_7,15,0.7247592856189726,32.550011924952166,67.44998807504783
Town01_T-Intersection,v_7_4,v_8_7,20,0.4825690122111781,31.912508943714123,68.08749105628587
Town01_T-Intersection,v_7_4,v_8_7,25,0.6296446031427235,31.530007154971297,68.4699928450287
Town01_T-Intersection,v_7_4,v_8_7,30,0.7442026665187239,31.275005962476083,68.72499403752391
Town01_T-Intersection,v_7_4,v_8_7,5,0.30430638246095515,37.65003577485649,62.34996422514351
Town01_T-Intersection,v_7_4,v_8_3,10,0.001,13.625359107697784,86.37464089230221
Town01_T-Intersection,v_7_4,v_8_3,15,0.001,12.416906071798522,87.58309392820148
Town01_T-Intersection,v_7_4,v_8_3,20,0.001,11.812679553848891,88.1873204461511
Town01_T-Intersection,v_7_4,v_8_3,25,0.001,11.450143643079114,88.54985635692088
Town01_T-Intersection,v_7_4,v_8_3,30,0.001,11.208453035899261,88.79154696410075
Town01_T-Intersection,v_7_4,v_8_3,5,0.001,17.25071821539557,82.74928178460443
Town01_T-Intersection,v_7_4,v_8_4,10,0.8839979604969055,3.6000109981006383,96.39998900189936
Town01_T-Intersection,v_7_4,v_8_4,15,0.5966918800505346,2.400007332067092,97.59999266793291
Town01_T-Intersection,v_7_4,v_8_4,20,0.6976824264126579,1.8000054990503191,98.19999450094969
Town01_T-Intersection,v_7_4,v_8_4,25,0.23761397815456461,1.4400043992402551,98.55999560075975
Town01_T-Intersection,v_7_4,v_8_4,30,0.44151724951798943,1.200003666033546,98.79999633396645
Town01_T-Intersection,v_7_4,v_8_4,5,0.3416310957777087,7.200021996201277,92.79997800379873
Town01_T-Intersection,v_7_4,v_8_6,10,0.001,23.700855877631582,76.29914412236842
Town01_T-Intersection,v_7_4,v_8_6,15,0.001,22.467237251754387,77.53276274824562
Town01_T-Intersection,v_7_4,v_8_6,20,0.001,21.85042793881579,78.14957206118422
Town01_T-Intersection,v_7_4,v_8_6,25,0.001,21.480342351052634,78.51965764894737
Town01_T-Intersection,v_7_4,v_8_6,30,0.001,21.233618625877195,78.7663813741228
Town01_T-Intersection,v_7_4,v_8_6,5,0.001,27.401711755263165,72.59828824473684
Town01_T-Intersection,v_7_4,v_8_5,10,0.5439696939411143,13.62535061016983,86.37464938983017
Town01_T-Intersection,v_7_4,v_8_5,15,0.7511919220892783,12.416900406779886,87.58309959322011
Town01_T-Intersection,v_7_4,v_8_5,20,0.7387048571043168,11.812675305084916,88.18732469491508
Town01_T-Intersection,v_7_4,v_8_5,25,0.17152506493897607,11.450140244067931,88.54985975593206
Town01_T-Intersection,v_7_4,v_8_5,30,0.9563748418855376,11.208450203389944,88.79154979661006
Town01_T-Intersection,v_7_4,v_8_5,5,0.32526885379827564,17.25070122033966,82.74929877966034
Town01_T-Intersection,v_6_2,v_7_7,10,0.001,54.20937307982625,45.79062692017375
Town01_T-Intersection,v_6_2,v_7_7,15,0.001,52.80624871988417,47.19375128011583
Town01_T-Intersection,v_6_2,v_7_7,20,0.001,52.104686539913125,47.895313460086875
Town01_T-Intersection,v_6_2,v_7_7,25,0.001,51.6837492319305,48.3162507680695
Town01_T-Intersection,v_6_2,v_7_7,30,0.001,51.40312435994208,48.59687564005792
Town01_T-Intersection,v_6_2,v_7_7,5,0.001,58.4187461596525,41.5812538403475
Town01_T-Intersection,v_6_2,v_7_1,10,0.001,13.62534163275311,86.3746583672469
Town01_T-Intersection,v_6_2,v_7_1,15,0.001,12.416894421835405,87.58310557816459
Town01_T-Intersection,v_6_2,v_7_1,20,0.001,11.812670816376555,88.18732918362345
Town01_T-Intersection,v_6_2,v_7_1,25,0.001,11.450136653101243,88.54986334689876
Town01_T-Intersection,v_6_2,v_7_1,30,0.001,11.208447210917702,88.7915527890823
Town01_T-Intersection,v_6_2,v_7_1,5,0.001,17.25068326550622,82.74931673449379
Town01_T-Intersection,v_6_2,v_7_2,10,0.001,3.6000000117725293,96.39999998822748
Town01_T-Intersection,v_6_2,v_7_2,15,0.001,2.4000000078483525,97.59999999215165
Town01_T-Intersection,v_6_2,v_7_2,20,0.001,1.8000000058862646,98.19999999411374
Town01_T-Intersection,v_6_2,v_7_2,25,0.001,1.4400000047090116,98.559999995291
Town01_T-Intersection,v_6_2,v_7_2,30,0.001,1.2000000039241763,98.79999999607583
Town01_T-Intersection,v_6_2,v_7_2,5,0.001,7.2000000235450585,92.79999997645494
Town01_T-Intersection,v_6_2,v_7_3,10,0.001,13.625346265302742,86.37465373469726
Town01_T-Intersection,v_6_2,v_7_3,15,0.001,12.416897510201828,87.58310248979816
Town01_T-Intersection,v_6_2,v_7_3,20,0.001,11.812673132651371,88.18732686734863
Town01_T-Intersection,v_6_2,v_7_3,25,0.001,11.450138506121096,88.54986149387891
Town01_T-Intersection,v_6_2,v_7_3,30,0.001,11.208448755100914,88.79155124489908
Town01_T-Intersection,v_6_2,v_7_3,5,0.001,17.250692530605484,82.74930746939452
Town01_T-Intersection,v_6_2,v_7_4,10,0.4209433807969314,23.700858132529408,76.2991418674706
Town01_T-Intersection,v_6_2,v_7_4,15,0.3601390057937349,22.467238755019604,77.53276124498039
Town01_T-Intersection,v_6_2,v_7_4,20,0.6975679739828813,21.850429066264706,78.14957093373529
Town01_T-Intersection,v_6_2,v_7_4,25,0.5557021195511106,21.480343253011764,78.51965674698823
Town01_T-Intersection,v_6_2,v_7_4,30,0.2587240705992595,21.233619377509804,78.7663806224902
Town01_T-Intersection,v_6_2,v_7_4,5,0.34588995979794157,27.401716265058816,72.59828373494119
Town01_T-Intersection,v_6_2,v_7_6,10,0.9504162159017239,43.99551366517546,56.00448633482454
Town01_T-Intersection,v_6_2,v_7_6,15,0.33641078807442265,42.66367577678364,57.33632422321636
Town01_T-Intersection,v_6_2,v_7_6,20,0.997018413852338,41.99775683258773,58.00224316741227
Town01_T-Intersection,v_6_2,v_7_6,25,0.5595482450941462,41.59820546607018,58.40179453392982
Town01_T-Intersection,v_6_2,v_7_6,30,0.9623024952459639,41.33183788839182,58.66816211160818
Town01_T-Intersection,v_6_2,v_7_6,5,0.23772773228697147,47.991027330350924,52.008972669649076
Town01_T-Intersection,v_6_2,v_7_5,10,0.7926482476573,33.82502651657827,66.17497348342172
Town01_T-Intersection,v_6_2,v_7_5,15,0.3276516107993589,32.55001767771884,67.44998232228116
Town01_T-Intersection,v_6_2,v_7_5,20,0.6362805737306207,31.912513258289135,68.08748674171086
Town01_T-Intersection,v_6_2,v_7_5,25,0.8467425895716173,31.530010606631308,68.46998939336869
Town01_T-Intersection,v_6_2,v_7_5,30,0.1966493126518266,31.27500883885942,68.72499116114058
Town01_T-Intersection,v_6_2,v_7_5,5,0.3244125863760432,37.65005303315653,62.34994696684347
Town01_T-Intersection,v_7_6,v_8_1,10,0.001,54.20938100641391,45.79061899358609
Town01_T-Intersection,v_7_6,v_8_1,15,0.001,52.80625400427594,47.19374599572406
Town01_T-Intersection,v_7_6,v_8_1,20,0.001,52.10469050320695,47.89530949679305
Town01_T-Intersection,v_7_6,v_8_1,25,0.001,51.68375240256557,48.31624759743443
Town01_T-Intersection,v_7_6,v_8_1,30,0.001,51.40312700213797,48.59687299786203
Town01_T-Intersection,v_7_6,v_8_1,5,0.001,58.41876201282783,41.58123798717217
Town01_T-Intersection,v_7_6,v_8_2,10,0.001,43.99552049515186,56.00447950484814
Town01_T-Intersection,v_7_6,v_8_2,15,0.001,42.663680330101236,57.336319669898764
Town01_T-Intersection,v_7_6,v_8_2,20,0.001,41.997760247575926,58.002239752424074
Town01_T-Intersection,v_7_6,v_8_2,25,0.001,41.59820819806074,58.40179180193926
Town01_T-Intersection,v_7_6,v_8_2,30,0.001,41.33184016505062,58.66815983494938
Town01_T-Intersection,v_7_6,v_8_2,5,0.001,47.99104099030371,52.00895900969629
Town01_T-Intersection,v_7_6,v_8_7,10,0.179261203087864,13.625339700297943,86.37466029970206
Town01_T-Intersection,v_7_6,v_8_7,15,0.9178556839152688,12.41689313353196,87.58310686646804
Town01_T-Intersection,v_7_6,v_8_7,20,0.7460514291944403,11.812669850148971,88.18733014985102
Town01_T-Intersection,v_7_6,v_8_7,25,0.12361914398896122,11.450135880119177,88.54986411988082
Town01_T-Intersection,v_7_6,v_8_7,30,0.5179267231810127,11.20844656676598,88.79155343323401
Town01_T-Intersection,v_7_6,v_8_7,5,0.6225421247686758,17.250679400595885,82.74932059940411
Town01_T-Intersection,v_7_6,v_8_3,10,0.001,33.82503194186512,66.17496805813488
Town01_T-Intersection,v_7_6,v_8_3,15,0.001,32.550021294576744,67.44997870542326
Town01_T-Intersection,v_7_6,v_8_3,20,0.001,31.91251597093256,68.08748402906744
Town01_T-Intersection,v_7_6,v_8_3,25,0.001,31.530012776746048,68.46998722325395
Town01_T-Intersection,v_7_6,v_8_3,30,0.001,31.275010647288372,68.72498935271163
Town01_T-Intersection,v_7_6,v_8_3,5,0.001,37.65006388373024,62.34993611626976
Town01_T-Intersection,v_7_6,v_8_4,10,0.20236131296582938,23.70086190234256,76.29913809765745
Town01_T-Intersection,v_7_6,v_8_4,15,0.3537514245562162,22.467241268228374,77.53275873177162
Town01_T-Intersection,v_7_6,v_8_4,20,0.8898475768401608,21.85043095117128,78.14956904882872
Town01_T-Intersection,v_7_6,v_8_4,25,0.649915029970349,21.480344760937022,78.51965523906298
Town01_T-Intersection,v_7_6,v_8_4,30,0.4973003246756621,21.233620634114185,78.76637936588581
Town01_T-Intersection,v_7_6,v_8_4,5,0.12647034415509986,27.40172380468512,72.59827619531488
Town01_T-Intersection,v_7_6,v_8_6,10,0.6352586247340866,3.6000000117725555,96.39999998822745
Town01_T-Intersection,v_7_6,v_8_6,15,0.3643441790402314,2.4000000078483703,97.59999999215162
Town01_T-Intersection,v_7_6,v_8_6,20,0.40309913561537014,1.8000000058862777,98.19999999411372
Town01_T-Intersection,v_7_6,v_8_6,25,0.48990182933273163,1.4400000047090222,98.55999999529098
Town01_T-Intersection,v_7_6,v_8_6,30,0.995069920238069,1.2000000039241852,98.79999999607581
Town01_T-Intersection,v_7_6,v_8_6,5,0.5037258341795395,7.200000023545111,92.79999997645488
Town01_T-Intersection,v_7_6,v_8_5,10,0.001,13.625348197840818,86.37465180215918
Town01_T-Intersection,v_7_6,v_8_5,15,0.001,12.416898798560545,87.58310120143946
Town01_T-Intersection,v_7_6,v_8_5,20,0.001,11.812674098920409,88.18732590107959
Town01_T-Intersection,v_7_6,v_8_5,25,0.001,11.450139279136327,88.54986072086368
Town01_T-Intersection,v_7_6,v_8_5,30,0.001,11.208449399280273,88.79155060071973
Town01_T-Intersection,v_7_6,v_8_5,5,0.001,17.250696395681636,82.74930360431836
Town01_T-Intersection,v_6_4,v_7_7,10,0.47353554257050234,33.82502651657827,66.17497348342172
Town01_T-Intersection,v_6_4,v_7_7,15,0.6967204026531079,32.55001767771884,67.44998232228116
Town01_T-Intersection,v_6_4,v_7_7,20,0.734900464843794,31.912513258289135,68.08748674171086
Town01_T-Intersection,v_6_4,v_7_7,25,0.3598407358695428,31.530010606631308,68.46998939336869
Town01_T-Intersection,v_6_4,v_7_7,30,0.5966008122311492,31.27500883885942,68.72499116114058
Town01_T-Intersection,v_6_4,v_7_7,5,0.9826846698916882,37.65005303315653,62.34994696684347
Town01_T-Intersection,v_6_4,v_7_1,10,0.001,33.82501298747061,66.17498701252939
Town01_T-Intersection,v_6_4,v_7_1,15,0.001,32.550008658313736,67.44999134168626
Town01_T-Intersection,v_6_4,v_7_1,20,0.001,31.912506493735304,68.08749350626469
Town01_T-Intersection,v_6_4,v_7_1,25,0.001,31.53000519498824,68.46999480501177
Town01_T-Intersection,v_6_4,v_7_1,30,0.001,31.275004329156868,68.72499567084313
Town01_T-Intersection,v_6_4,v_7_1,5,0.001,37.650025974941215,62.349974025058785
Town01_T-Intersection,v_6_4,v_7_2,10,0.16346134266790224,23.700848962169395,76.2991510378306
Town01_T-Intersection,v_6_4,v_7_2,15,0.9878040507448479,22.467232641446262,77.53276735855374
Town01_T-Intersection,v_6_4,v_7_2,20,0.10927548719689774,21.850424481084698,78.1495755189153
Town01_T-Intersection,v_6_4,v_7_2,25,0.8068349302457773,21.480339584867757,78.51966041513225
Town01_T-Intersection,v_6_4,v_7_2,30,0.2943519418556982,21.23361632072313,78.76638367927687
Town01_T-Intersection,v_6_4,v_7_2,5,0.214200471026829,27.401697924338787,72.59830207566121
Town01_T-Intersection,v_6_4,v_7_3,10,0.1669976715685642,13.62534163275311,86.3746583672469
Town01_T-Intersection,v_6_4,v_7_3,15,0.6239124210620813,12.416894421835405,87.58310557816459
Town01_T-Intersection,v_6_4,v_7_3,20,0.10068916169878918,11.812670816376555,88.18732918362345
Town01_T-Intersection,v_6_4,v_7_3,25,0.14761682613018806,11.450136653101243,88.54986334689876
Town01_T-Intersection,v_6_4,v_7_3,30,0.15793406992078463,11.208447210917702,88.7915527890823
Town01_T-Intersection,v_6_4,v_7_3,5,0.843984930883353,17.25068326550622,82.74931673449379
Town01_T-Intersection,v_6_4,v_7_4,10,0.21584276463841828,3.6000000117725293,96.39999998822748
Town01_T-Intersection,v_6_4,v_7_4,15,0.5367349898311187,2.4000000078483525,97.59999999215165
Town01_T-Intersection,v_6_4,v_7_4,20,0.3495750488840802,1.8000000058862646,98.19999999411374
Town01_T-Intersection,v_6_4,v_7_4,25,0.20004325310438986,1.4400000047090116,98.559999995291
Town01_T-Intersection,v_6_4,v_7_4,30,0.42074706570807097,1.2000000039241763,98.79999999607583
Town01_T-Intersection,v_6_4,v_7_4,5,0.5385860581994643,7.2000000235450585,92.79999997645494
Town01_T-Intersection,v_6_4,v_7_6,10,0.001,23.700858132529408,76.2991418674706
Town01_T-Intersection,v_6_4,v_7_6,15,0.001,22.467238755019604,77.53276124498039
Town01_T-Intersection,v_6_4,v_7_6,20,0.001,21.850429066264706,78.14957093373529
Town01_T-Intersection,v_6_4,v_7_6,25,0.001,21.480343253011764,78.51965674698823
Town01_T-Intersection,v_6_4,v_7_6,30,0.001,21.233619377509804,78.7663806224902
Town01_T-Intersection,v_6_4,v_7_6,5,0.001,27.401716265058816,72.59828373494119
Town01_T-Intersection,v_6_4,v_7_5,10,0.2012440590518365,13.625346265302742,86.37465373469726
Town01_T-Intersection,v_6_4,v_7_5,15,0.47755047731502864,12.416897510201828,87.58310248979816
Town01_T-Intersection,v_6_4,v_7_5,20,0.8864299021451816,11.812673132651371,88.18732686734863
Town01_T-Intersection,v_6_4,v_7_5,25,0.9751977640459152,11.450138506121096,88.54986149387891
Town01_T-Intersection,v_6_4,v_7_5,30,0.965097940907324,11.208448755100914,88.79155124489908
Town01_T-Intersection,v_6_4,v_7_5,5,0.4163623453824684,17.250692530605484,82.74930746939452
Town01_T-Intersection,v_6_5,v_7_7,10,0.3606998667002994,23.700858132529408,76.2991418674706
Town01_T-Intersection,v_6_5,v_7_7,15,0.5467125152601344,22.467238755019604,77.53276124498039
Town01_T-Intersection,v_6_5,v_7_7,20,0.1846697233080461,21.850429066264706,78.14957093373529
Town01_T-Intersection,v_6_5,v_7_7,25,0.5356768662605843,21.480343253011764,78.51965674698823
Town01_T-Intersection,v_6_5,v_7_7,30,0.16856237204312913,21.233619377509804,78.7663806224902
Town01_T-Intersection,v_6_5,v_7_7,5,0.7182556109584205,27.401716265058816,72.59828373494119
Town01_T-Intersection,v_6_5,v_7_1,10,0.7774182394891216,43.995496022320104,56.004503977679896
Town01_T-Intersection,v_6_5,v_7_1,15,0.2177673777014022,42.66366401488007,57.33633598511993
Town01_T-Intersection,v_6_5,v_7_1,20,0.70111830007195,41.99774801116005,58.00225198883995
Town01_T-Intersection,v_6_5,v_7_1,25,0.27185620710636293,41.59819840892804,58.40180159107196
Town01_T-Intersection,v_6_5,v_7_1,30,0.8390223714636994,41.331832007440035,58.668167992559965
Town01_T-Intersection,v_6_5,v_7_1,5,0.2578400919120163,47.99099204464021,52.00900795535979
Town01_T-Intersection,v_6_5,v_7_2,10,0.14732216919579005,33.82501298747061,66.17498701252939
Town01_T-Intersection,v_6_5,v_7_2,15,0.252994937328234,32.550008658313736,67.44999134168626
Town01_T-Intersection,v_6_5,v_7_2,20,0.9620196866349174,31.912506493735304,68.08749350626469
Town01_T-Intersection,v_6_5,v_7_2,25,0.8031222104036412,31.53000519498824,68.46999480501177
Town01_T-Intersection,v_6_5,v_7_2,30,0.9392676875055388,31.275004329156868,68.72499567084313
Town01_T-Intersection,v_6_5,v_7_2,5,0.666446665588983,37.650025974941215,62.349974025058785
Town01_T-Intersection,v_6_5,v_7_3,10,0.001,23.700848962169395,76.2991510378306
Town01_T-Intersection,v_6_5,v_7_3,15,0.001,22.467232641446262,77.53276735855374
Town01_T-Intersection,v_6_5,v_7_3,20,0.001,21.850424481084698,78.1495755189153
Town01_T-Intersection,v_6_5,v_7_3,25,0.001,21.480339584867757,78.51966041513225
Town01_T-Intersection,v_6_5,v_7_3,30,0.001,21.23361632072313,78.76638367927687
Town01_T-Intersection,v_6_5,v_7_3,5,0.001,27.401697924338787,72.59830207566121
Town01_T-Intersection,v_6_5,v_7_4,10,0.39263435865805285,13.62534163275311,86.3746583672469
Town01_T-Intersection,v_6_5,v_7_4,15,0.14723229870442178,12.416894421835405,87.58310557816459
Town01_T-Intersection,v_6_5,v_7_4,20,0.36234190565075175,11.812670816376555,88.18732918362345
Town01_T-Intersection,v_6_5,v_7_4,25,0.717922342517463,11.450136653101243,88.54986334689876
Town01_T-Intersection,v_6_5,v_7_4,30,0.27441816267575114,11.208447210917702,88.7915527890823
Town01_T-Intersection,v_6_5,v_7_4,5,0.664023219129056,17.25068326550622,82.74931673449379
Town01_T-Intersection,v_6_5,v_7_6,10,0.001,13.625346265302742,86.37465373469726
Town01_T-Intersection,v_6_5,v_7_6,15,0.001,12.416897510201828,87.58310248979816
Town01_T-Intersection,v_6_5,v_7_6,20,0.001,11.812673132651371,88.18732686734863
Town01_T-Intersection,v_6_5,v_7_6,25,0.001,11.450138506121096,88.54986149387891
Town01_T-Intersection,v_6_5,v_7_6,30,0.001,11.208448755100914,88.79155124489908
Town01_T-Intersection,v_6_5,v_7_6,5,0.001,17.250692530605484,82.74930746939452
Town01_T-Intersection,v_6_5,v_7_5,10,0.001,3.6000000117725293,96.39999998822748
Town01_T-Intersection,v_6_5,v_7_5,15,0.001,2.4000000078483525,97.59999999215165
Town01_T-Intersection,v_6_5,v_7_5,20,0.001,1.8000000058862646,98.19999999411374
Town01_T-Intersection,v_6_5,v_7_5,25,0.001,1.4400000047090116,98.559999995291
Town01_T-Intersection,v_6_5,v_7_5,30,0.001,1.2000000039241763,98.79999999607583
Town01_T-Intersection,v_6_5,v_7_5,5,0.001,7.2000000235450585,92.79999997645494
Town01_T-Intersection,v_5_5,v_6_6,10,0.001,13.625340427077383,86.37465957292261
Town01_T-Intersection,v_5_5,v_6_6,15,0.001,12.416893618051589,87.58310638194841
Town01_T-Intersection,v_5_5,v_6_6,20,0.001,11.812670213538691,88.1873297864613
Town01_T-Intersection,v_5_5,v_6_6,25,0.001,11.450136170830953,88.54986382916904
Town01_T-Intersection,v_5_5,v_6_6,30,0.001,11.208446809025794,88.79155319097421
Town01_T-Intersection,v_5_5,v_6_6,5,0.001,17.250680854154766,82.74931914584523
Town01_T-Intersection,v_5_5,v_6_2,10,0.6363919587464061,33.82500916462952,66.17499083537048
Town01_T-Intersection,v_5_5,v_6_2,15,0.40553515645635585,32.550006109753014,67.44999389024699
Town01_T-Intersection,v_5_5,v_6_2,20,0.742419846847306,31.91250458231476,68.08749541768523
Town01_T-Intersection,v_5_5,v_6_2,25,0.6061146746575096,31.530003665851808,68.46999633414819
Town01_T-Intersection,v_5_5,v_6_2,30,0.41036756500504934,31.275003054876507,68.7249969451235
Town01_T-Intersection,v_5_5,v_6_2,5,0.36101794150765565,37.65001832925905,62.34998167074095
Town01_T-Intersection,v_5_5,v_6_4,10,0.7532219579428047,13.625336562083842,86.37466343791615
Town01_T-Intersection,v_5_5,v_6_4,15,0.15860594845947362,12.416891041389228,87.58310895861078
Town01_T-Intersection,v_5_5,v_6_4,20,0.5494812591753416,11.81266828104192,88.18733171895808
Town01_T-Intersection,v_5_5,v_6_4,25,0.28852006911847816,11.450134624833536,88.54986537516646
Town01_T-Intersection,v_5_5,v_6_4,30,0.8324680234942008,11.208445520694614,88.79155447930539
Town01_T-Intersection,v_5_5,v_6_4,5,0.37538394303391676,17.250673124167683,82.74932687583231
Town01_T-Intersection,v_5_5,v_6_5,10,0.5958602674787744,3.599994519057486,96.40000548094251
Town01_T-Intersection,v_5_5,v_6_5,15,0.55650330130777,2.399996346038324,97.60000365396168
Town01_T-Intersection,v_5_5,v_6_5,20,0.9709757254444493,1.799997259528743,98.20000274047126
Town01_T-Intersection,v_5_5,v_6_5,25,0.5774808000216743,1.4399978076229945,98.560002192377
Town01_T-Intersection,v_5_5,v_6_5,30,0.6034670665851986,1.199998173019162,98.80000182698083
Town01_T-Intersection,v_5_5,v_6_5,5,0.2611022184981762,7.199989038114972,92.80001096188502
Town01_T-Intersection,v_5_5,v_6_3,10,0.001,23.70084443544813,76.29915556455187
Town01_T-Intersection,v_5_5,v_6_3,15,0.001,22.467229623632086,77.53277037636792
Town01_T-Intersection,v_5_5,v_6_3,20,0.001,21.850422217724066,78.14957778227594
Town01_T-Intersection,v_5_5,v_6_3,25,0.001,21.48033777417925,78.51966222582075
Town01_T-Intersection,v_5_5,v_6_3,30,0.001,21.233614811816043,78.76638518818396
Town01_T-Intersection,v_5_5,v_6_3,5,0.001,27.401688870896262,72.59831112910373
Town01_T-Intersection,v_5_5,v_6_1,10,0.49013694464891666,43.99549307430239,56.00450692569761
Town01_T-Intersection,v_5_5,v_6_1,15,0.7665046664174037,42.66366204953492,57.33633795046508
Town01_T-Intersection,v_5_5,v_6_1,20,0.9384723192628401,41.997746537151194,58.002253462848806
Town01_T-Intersection,v_5_5,v_6_1,25,0.8703971250131611,41.59819722972095,58.40180277027905
Town01_T-Intersection,v_5_5,v_6_1,30,0.5109934692605999,41.33183102476746,58.66816897523254
Town01_T-Intersection,v_5_5,v_6_1,5,0.2595180055394588,47.99098614860477,52.00901385139523
Town01_T-Intersection,v_5_5,v_6_7,10,0.001,23.70085197499848,76.29914802500153
Town01_T-Intersection,v_5_5,v_6_7,15,0.001,22.467234649998986,77.53276535000101
Town01_T-Intersection,v_5_5,v_6_7,20,0.001,21.85042598749924,78.14957401250076
Town01_T-Intersection,v_5_5,v_6_7,25,0.001,21.480340789999392,78.51965921000061
Town01_T-Intersection,v_5_5,v_6_7,30,0.001,21.233617324999493,78.7663826750005
Town01_T-Intersection,v_5_5,v_6_7,5,0.001,27.401703949996957,72.59829605000304
Town01_T-Intersection,v_6_3,v_7_7,10,0.28489962861170837,43.99551366517546,56.00448633482454
Town01_T-Intersection,v_6_3,v_7_7,15,0.8524677404069423,42.66367577678364,57.33632422321636
Town01_T-Intersection,v_6_3,v_7_7,20,0.6423897318792153,41.99775683258773,58.00224316741227
Town01_T-Intersection,v_6_3,v_7_7,25,0.8670621873427498,41.59820546607018,58.40179453392982
Town01_T-Intersection,v_6_3,v_7_7,30,0.9756830150191969,41.33183788839182,58.66816211160818
Town01_T-Intersection,v_6_3,v_7_7,5,0.8522199792712531,47.991027330350924,52.008972669649076
Town01_T-Intersection,v_6_3,v_7_1,10,0.543954240776498,23.700848962169395,76.2991510378306
Town01_T-Intersection,v_6_3,v_7_1,15,0.48724491802263814,22.467232641446262,77.53276735855374
Town01_T-Intersection,v_6_3,v_7_1,20,0.9256957053644389,21.850424481084698,78.1495755189153
Town01_T-Intersection,v_6_3,v_7_1,25,0.24316415759233914,21.480339584867757,78.51966041513225
Town01_T-Intersection,v_6_3,v_7_1,30,0.5558590941160596,21.23361632072313,78.76638367927687
Town01_T-Intersection,v_6_3,v_7_1,5,0.43260932881224223,27.401697924338787,72.59830207566121
Town01_T-Intersection,v_6_3,v_7_2,10,0.9053018531583144,13.62534163275311,86.3746583672469
Town01_T-Intersection,v_6_3,v_7_2,15,0.42927963318530993,12.416894421835405,87.58310557816459
Town01_T-Intersection,v_6_3,v_7_2,20,0.8039517048589929,11.812670816376555,88.18732918362345
Town01_T-Intersection,v_6_3,v_7_2,25,0.20774942492897575,11.450136653101243,88.54986334689876
Town01_T-Intersection,v_6_3,v_7_2,30,0.8155334276082042,11.208447210917702,88.7915527890823
Town01_T-Intersection,v_6_3,v_7_2,5,0.9729657380838198,17.25068326550622,82.74931673449379
Town01_T-Intersection,v_6_3,v_7_3,10,0.001,3.6000000117725293,96.39999998822748
Town01_T-Intersection,v_6_3,v_7_3,15,0.001,2.4000000078483525,97.59999999215165
Town01_T-Intersection,v_6_3,v_7_3,20,0.001,1.8000000058862646,98.19999999411374
Town01_T-Intersection,v_6_3,v_7_3,25,0.001,1.4400000047090116,98.559999995291
Town01_T-Intersection,v_6_3,v_7_3,30,0.001,1.2000000039241763,98.79999999607583
Town01_T-Intersection,v_6_3,v_7_3,5,0.001,7.2000000235450585,92.79999997645494
Town01_T-Intersection,v_6_3,v_7_4,10,0.001,13.625346265302742,86.37465373469726
Town01_T-Intersection,v_6_3,v_7_4,15,0.001,12.416897510201828,87.58310248979816
Town01_T-Intersection,v_6_3,v_7_4,20,0.001,11.812673132651371,88.18732686734863
Town01_T-Intersection,v_6_3,v_7_4,25,0.001,11.450138506121096,88.54986149387891
Town01_T-Intersection,v_6_3,v_7_4,30,0.001,11.208448755100914,88.79155124489908
Town01_T-Intersection,v_6_3,v_7_4,5,0.001,17.250692530605484,82.74930746939452
Town01_T-Intersection,v_6_3,v_7_6,10,0.001,33.82502651657827,66.17497348342172
Town01_T-Intersection,v_6_3,v_7_6,15,0.001,32.55001767771884,67.44998232228116
Town01_T-Intersection,v_6_3,v_7_6,20,0.001,31.912513258289135,68.08748674171086
Town01_T-Intersection,v_6_3,v_7_6,25,0.001,31.530010606631308,68.46998939336869
Town01_T-Intersection,v_6_3,v_7_6,30,0.001,31.27500883885942,68.72499116114058
Town01_T-Intersection,v_6_3,v_7_6,5,0.001,37.65005303315653,62.34994696684347
Town01_T-Intersection,v_6_3,v_7_5,10,0.001,23.700858132529408,76.2991418674706
Town01_T-Intersection,v_6_3,v_7_5,15,0.001,22.467238755019604,77.53276124498039
Town01_T-Intersection,v_6_3,v_7_5,20,0.001,21.850429066264706,78.14957093373529
Town01_T-Intersection,v_6_3,v_7_5,25,0.001,21.480343253011764,78.51965674698823
Town01_T-Intersection,v_6_3,v_7_5,30,0.001,21.233619377509804,78.7663806224902
Town01_T-Intersection,v_6_3,v_7_5,5,0.001,27.401716265058816,72.59828373494119
Town01_T-Intersection,v_7_5,v_8_1,10,0.001,43.99552541957658,56.00447458042342
Town01_T-Intersection,v_7_5,v_8_1,15,0.001,42.66368361305105,57.33631638694895
Town01_T-Intersection,v_7_5,v_8_1,20,0.001,41.99776270978829,58.00223729021171
Town01_T-Intersection,v_7_5,v_8_1,25,0.001,41.59821016783063,58.40178983216937
Town01_T-Intersection,v_7_5,v_8_1,30,0.001,41.331841806525524,58.668158193474476
Town01_T-Intersection,v_7_5,v_8_1,5,0.001,47.991050839153154,52.008949160846846
Town01_T-Intersection,v_7_5,v_8_2,10,0.7042757658209668,33.8250371044535,66.1749628955465
Town01_T-Intersection,v_7_5,v_8_2,15,0.23118695458668972,32.55002473630233,67.44997526369767
Town01_T-Intersection,v_7_5,v_8_2,20,0.3412889517889881,31.91251855222675,68.08748144777326
Town01_T-Intersection,v_7_5,v_8_2,25,0.810143981986197,31.5300148417814,68.4699851582186
Town01_T-Intersection,v_7_5,v_8_2,30,0.17243175418440712,31.275012368151167,68.72498763184883
Town01_T-Intersection,v_7_5,v_8_2,5,0.6450603677327323,37.65007420890701,62.34992579109299
Town01_T-Intersection,v_7_5,v_8_7,10,0.001,23.700850535026994,76.299149464973
Town01_T-Intersection,v_7_5,v_8_7,15,0.001,22.467233690017995,77.53276630998201
Town01_T-Intersection,v_7_5,v_8_7,20,0.001,21.850425267513497,78.1495747324865
Town01_T-Intersection,v_7_5,v_8_7,25,0.001,21.4803402140108,78.5196597859892
Town01_T-Intersection,v_7_5,v_8_7,30,0.001,21.233616845009,78.766383154991
Town01_T-Intersection,v_7_5,v_8_7,5,0.001,27.40170107005399,72.59829892994601
Town01_T-Intersection,v_7_5,v_8_3,10,0.6945033338567831,23.70086724494038,76.29913275505962
Town01_T-Intersection,v_7_5,v_8_3,15,0.5526593580381466,22.46724482996025,77.53275517003975
Town01_T-Intersection,v_7_5,v_8_3,20,0.4029689116632952,21.850433622470188,78.14956637752981
Town01_T-Intersection,v_7_5,v_8_3,25,0.4158339898635689,21.48034689797615,78.51965310202385
Town01_T-Intersection,v_7_5,v_8_3,30,0.47745087868926905,21.233622414980125,78.76637758501988
Town01_T-Intersection,v_7_5,v_8_3,5,0.7888204873728076,27.40173448988076,72.59826551011923
Town01_T-Intersection,v_7_5,v_8_4,10,0.8906654975284706,13.625353652769007,86.37464634723099
Town01_T-Intersection,v_7_5,v_8_4,15,0.26940441003403914,12.416902435179338,87.58309756482066
Town01_T-Intersection,v_7_5,v_8_4,20,0.17347983227616404,11.812676826384504,88.1873231736155
Town01_T-Intersection,v_7_5,v_8_4,25,0.5900425549708548,11.450141461107602,88.5498585388924
Town01_T-Intersection,v_7_5,v_8_4,30,0.14693624112758405,11.20845121758967,88.79154878241033
Town01_T-Intersection,v_7_5,v_8_4,5,0.11809169176948642,17.250707305538015,82.74929269446199
Town01_T-Intersection,v_7_5,v_8_6,10,0.001,13.62534515523359,86.37465484476641
Town01_T-Intersection,v_7_5,v_8_6,15,0.001,12.416896770155727,87.58310322984427
Town01_T-Intersection,v_7_5,v_8_6,20,0.001,11.812672577616796,88.1873274223832
Town01_T-Intersection,v_7_5,v_8_6,25,0.001,11.450138062093437,88.54986193790657
Town01_T-Intersection,v_7_5,v_8_6,30,0.001,11.208448385077864,88.79155161492214
Town01_T-Intersection,v_7_5,v_8_6,5,0.001,17.25069031046718,82.74930968953282
Town01_T-Intersection,v_7_5,v_8_5,10,0.9289125667555375,3.6000055049365964,96.39999449506341
Town01_T-Intersection,v_7_5,v_8_5,15,0.11607593155937973,2.4000036699577305,97.59999633004227
Town01_T-Intersection,v_7_5,v_8_5,20,0.7339461988647066,1.8000027524682982,98.1999972475317
Town01_T-Intersection,v_7_5,v_8_5,25,0.9171984024612234,1.4400022019746384,98.55999779802536
Town01_T-Intersection,v_7_5,v_8_5,30,0.18822972966377127,1.2000018349788653,98.79999816502114
Town01_T-Intersection,v_7_5,v_8_5,5,0.767438784940116,7.200011009873193,92.7999889901268
Town01_T-Intersection,v_5_6,v_6_6,10,0.94583730730524,3.6000000122215083,96.39999998777849
Town01_T-Intersection,v_5_6,v_6_6,15,0.8114022204282642,2.4000000081476722,97.59999999185233
Town01_T-Intersection,v_5_6,v_6_6,20,0.9801735635692201,1.8000000061107542,98.19999999388925
Town01_T-Intersection,v_5_6,v_6_6,25,0.9306251585074814,1.4400000048886032,98.5599999951114
Town01_T-Intersection,v_5_6,v_6_6,30,0.5379532244687739,1.2000000040738361,98.79999999592616
Town01_T-Intersection,v_5_6,v_6_6,5,0.30550674527404764,7.200000024443017,92.79999997555699
Town01_T-Intersection,v_5_6,v_6_2,10,0.7261411300141948,43.995498002925174,56.004501997074826
Town01_T-Intersection,v_5_6,v_6_2,15,0.989728149585951,42.66366533528345,57.33633466471655
Town01_T-Intersection,v_5_6,v_6_2,20,0.9734638186028752,41.99774900146259,58.00225099853741
Town01_T-Intersection,v_5_6,v_6_2,25,0.8514904981164567,41.59819920117007,58.40180079882993
Town01_T-Intersection,v_5_6,v_6_2,30,0.1043114079753236,41.33183266764172,58.66816733235828
Town01_T-Intersection,v_5_6,v_6_2,5,0.8012599649363984,47.99099600585034,52.00900399414966
Town01_T-Intersection,v_5_6,v_6_4,10,0.001,23.700849778043082,76.29915022195692
Town01_T-Intersection,v_5_6,v_6_4,15,0.001,22.467233185362055,77.53276681463794
Town01_T-Intersection,v_5_6,v_6_4,20,0.001,21.85042488902154,78.14957511097846
Town01_T-Intersection,v_5_6,v_6_4,25,0.001,21.480339911217232,78.51966008878277
Town01_T-Intersection,v_5_6,v_6_4,30,0.001,21.233616592681027,78.76638340731897
Town01_T-Intersection,v_5_6,v_6_4,5,0.001,27.401699556086164,72.59830044391384
Town01_T-Intersection,v_5_6,v_6_5,10,0.35515524772496454,13.625342017015313,86.37465798298469
Town01_T-Intersection,v_5_6,v_6_5,15,0.2755292569712766,12.416894678010209,87.58310532198979
Town01_T-Intersection,v_5_6,v_6_5,20,0.12609766528843036,11.812671008507657,88.18732899149234
Town01_T-Intersection,v_5_6,v_6_5,25,0.49256500524028657,11.450136806806125,88.54986319319387
Town01_T-Intersection,v_5_6,v_6_5,30,0.7741451438036676,11.208447339005104,88.7915526609949
Town01_T-Intersection,v_5_6,v_6_5,5,0.9516073105081736,17.250684034030627,82.74931596596937
Town01_T-Intersection,v_5_6,v_6_3,10,0.6582413564876249,33.82501432721709,66.17498567278291
Town01_T-Intersection,v_5_6,v_6_3,15,0.5366885351531471,32.55000955147806,67.44999044852193
Town01_T-Intersection,v_5_6,v_6_3,20,0.868019949734534,31.912507163608545,68.08749283639145
Town01_T-Intersection,v_5_6,v_6_3,25,0.19892794422179066,31.530005730886838,68.46999426911316
Town01_T-Intersection,v_5_6,v_6_3,30,0.2681017234591772,31.27500477573903,68.72499522426097
Town01_T-Intersection,v_5_6,v_6_3,5,0.6590553508019555,37.65002865443419,62.34997134556581
Town01_T-Intersection,v_5_6,v_6_1,10,0.36086289458375476,54.20935444550548,45.79064555449452
Town01_T-Intersection,v_5_6,v_6_1,15,0.3063355337454232,52.80623629700366,47.19376370299634
Town01_T-Intersection,v_5_6,v_6_1,20,0.43758736228200457,52.10467722275274,47.89532277724726
Town01_T-Intersection,v_5_6,v_6_1,25,0.2876340170057851,51.68374177820219,48.31625822179781
Town01_T-Intersection,v_5_6,v_6_1,30,0.7455927121809375,51.403118148501825,48.596881851498175
Town01_T-Intersection,v_5_6,v_6_1,5,0.9923689767387527,58.418708891010965,41.581291108989035
Town01_T-Intersection,v_5_6,v_6_7,10,0.2725025784556365,13.625345882008617,86.37465411799138
Town01_T-Intersection,v_5_6,v_6_7,15,0.8598197471274187,12.41689725467241,87.5831027453276
Town01_T-Intersection,v_5_6,v_6_7,20,0.17628447809887643,11.812672941004308,88.18732705899569
Town01_T-Intersection,v_5_6,v_6_7,25,0.12145460787191757,11.450138352803446,88.54986164719655
Town01_T-Intersection,v_5_6,v_6_7,30,0.5527145290905793,11.208448627336205,88.79155137266379
Town01_T-Intersection,v_5_6,v_6_7,5,0.45683071422676214,17.250691764017233,82.74930823598277
Town01_T-Intersection,v_5_3,v_6_6,10,0.001,33.82500968995543,66.17499031004456
Town01_T-Intersection,v_5_3,v_6_6,15,0.001,32.55000645997029,67.44999354002971
Town01_T-Intersection,v_5_3,v_6_6,20,0.001,31.912504844977715,68.08749515502228
Town01_T-Intersection,v_5_3,v_6_6,25,0.001,31.53000387598217,68.46999612401783
Town01_T-Intersection,v_5_3,v_6_6,30,0.001,31.275003229985145,68.72499677001485
Town01_T-Intersection,v_5_3,v_6_6,5,0.001,37.650019379910866,62.349980620089134
Town01_T-Intersection,v_5_3,v_6_2,10,0.001,13.625325652222616,86.37467434777739
Town01_T-Intersection,v_5_3,v_6_2,15,0.001,12.41688376814841,87.58311623185159
Town01_T-Intersection,v_5_3,v_6_2,20,0.001,11.812662826111307,88.1873371738887
Town01_T-Intersection,v_5_3,v_6_2,25,0.001,11.450130260889047,88.54986973911096
Town01_T-Intersection,v_5_3,v_6_2,30,0.001,11.208441884074205,88.7915581159258
Town01_T-Intersection,v_5_3,v_6_2,5,0.001,17.25065130444523,82.74934869555477
Town01_T-Intersection,v_5_3,v_6_4,10,0.001,13.625329517216583,86.37467048278342
Town01_T-Intersection,v_5_3,v_6_4,15,0.001,12.416886344811054,87.58311365518895
Town01_T-Intersection,v_5_3,v_6_4,20,0.001,11.812664758608292,88.18733524139171
Town01_T-Intersection,v_5_3,v_6_4,25,0.001,11.450131806886633,88.54986819311337
Town01_T-Intersection,v_5_3,v_6_4,30,0.001,11.208443172405527,88.79155682759448
Town01_T-Intersection,v_5_3,v_6_4,5,0.001,17.250659034433166,82.74934096556683
Town01_T-Intersection,v_5_3,v_6_5,10,0.3612372373636943,23.700841289795544,76.29915871020445
Town01_T-Intersection,v_5_3,v_6_5,15,0.6104367706745097,22.467227526530362,77.53277247346963
Town01_T-Intersection,v_5_3,v_6_5,20,0.6043554912388828,21.85042064489777,78.14957935510223
Town01_T-Intersection,v_5_3,v_6_5,25,0.5409181775207884,21.480336515918218,78.51966348408178
Town01_T-Intersection,v_5_3,v_6_5,30,0.5140889557661298,21.233613763265183,78.76638623673482
Town01_T-Intersection,v_5_3,v_6_5,5,0.16762998715849448,27.40168257959109,72.5983174204089
Town01_T-Intersection,v_5_3,v_6_3,10,0.001,3.5999835327294147,96.40001646727059
Town01_T-Intersection,v_5_3,v_6_3,15,0.001,2.39998902181961,97.60001097818039
Town01_T-Intersection,v_5_3,v_6_3,20,0.001,1.7999917663647074,98.20000823363529
Town01_T-Intersection,v_5_3,v_6_3,25,0.001,1.439993413091766,98.56000658690823
Town01_T-Intersection,v_5_3,v_6_3,30,0.001,1.199994510909805,98.8000054890902
Town01_T-Intersection,v_5_3,v_6_3,5,0.001,7.1999670654588295,92.80003293454116
Town01_T-Intersection,v_5_3,v_6_1,10,0.001,23.700833750262245,76.29916624973775
Town01_T-Intersection,v_5_3,v_6_1,15,0.001,22.46722250017483,77.53277749982517
Town01_T-Intersection,v_5_3,v_6_1,20,0.001,21.850416875131124,78.14958312486888
Town01_T-Intersection,v_5_3,v_6_1,25,0.001,21.480333500104898,78.5196664998951
Town01_T-Intersection,v_5_3,v_6_1,30,0.001,21.233611250087414,78.76638874991258
Town01_T-Intersection,v_5_3,v_6_1,5,0.001,27.40166750052449,72.5983324994755
Town01_T-Intersection,v_5_3,v_6_7,10,0.8668332777107958,43.9954968991557,56.0045031008443
Town01_T-Intersection,v_5_3,v_6_7,15,0.9384975733650297,42.663664599437126,57.336335400562874
Town01_T-Intersection,v_5_3,v_6_7,20,0.19546662395692693,41.99774844957785,58.00225155042215
Town01_T-Intersection,v_5_3,v_6_7,25,0.6820374700103874,41.598198759662274,58.401801240337726
Town01_T-Intersection,v_5_3,v_6_7,30,0.7029230554269716,41.33183229971856,58.66816770028144
Town01_T-Intersection,v_5_3,v_6_7,5,0.6258838900942082,47.990993798311386,52.009006201688614
Town01_T-Intersection,v_6_1,v_7_7,10,0.001,64.46328872133212,35.53671127866788
Town01_T-Intersection,v_6_1,v_7_7,15,0.001,62.975525814221406,37.024474185778594
Town01_T-Intersection,v_6_1,v_7_7,20,0.001,62.23164436066606,37.76835563933394
Town01_T-Intersection,v_6_1,v_7_7,25,0.001,61.785315488532845,38.214684511467155
Town01_T-Intersection,v_6_1,v_7_7,30,0.001,61.48776290711071,38.51223709288929
Town01_T-Intersection,v_6_1,v_7_7,5,0.001,68.92657744266423,31.073422557335775
Town01_T-Intersection,v_6_1,v_7_1,10,0.31677262093972214,3.6000000117725293,96.39999998822748
Town01_T-Intersection,v_6_1,v_7_1,15,0.18528172125365905,2.4000000078483525,97.59999999215165
Town01_T-Intersection,v_6_1,v_7_1,20,0.9841539718046085,1.8000000058862646,98.19999999411374
Town01_T-Intersection,v_6_1,v_7_1,25,0.6786937158446178,1.4400000047090116,98.559999995291
Town01_T-Intersection,v_6_1,v_7_1,30,0.4548124671792565,1.2000000039241763,98.79999999607583
Town01_T-Intersection,v_6_1,v_7_1,5,0.19572736856245,7.2000000235450585,92.79999997645494
Town01_T-Intersection,v_6_1,v_7_2,10,0.001,13.625346265302742,86.37465373469726
Town01_T-Intersection,v_6_1,v_7_2,15,0.001,12.416897510201828,87.58310248979816
Town01_T-Intersection,v_6_1,v_7_2,20,0.001,11.812673132651371,88.18732686734863
Town01_T-Intersection,v_6_1,v_7_2,25,0.001,11.450138506121096,88.54986149387891
Town01_T-Intersection,v_6_1,v_7_2,30,0.001,11.208448755100914,88.79155124489908
Town01_T-Intersection,v_6_1,v_7_2,5,0.001,17.250692530605484,82.74930746939452
Town01_T-Intersection,v_6_1,v_7_3,10,0.27491561799917635,23.700858132529408,76.2991418674706
Town01_T-Intersection,v_6_1,v_7_3,15,0.4422350556546992,22.467238755019604,77.53276124498039
Town01_T-Intersection,v_6_1,v_7_3,20,0.18545244359081486,21.850429066264706,78.14957093373529
Town01_T-Intersection,v_6_1,v_7_3,25,0.2608270069009618,21.480343253011764,78.51965674698823
Town01_T-Intersection,v_6_1,v_7_3,30,0.3294099892411647,21.233619377509804,78.7663806224902
Town01_T-Intersection,v_6_1,v_7_3,5,0.6452345563298548,27.401716265058816,72.59828373494119
Town01_T-Intersection,v_6_1,v_7_4,10,0.5434510375212339,33.82502651657827,66.17497348342172
Town01_T-Intersection,v_6_1,v_7_4,15,0.5844426274172785,32.55001767771884,67.44998232228116
Town01_T-Intersection,v_6_1,v_7_4,20,0.20082243504607522,31.912513258289135,68.08748674171086
Town01_T-Intersection,v_6_1,v_7_4,25,0.5351018453837059,31.530010606631308,68.46998939336869
Town01_T-Intersection,v_6_1,v_7_4,30,0.8005442161716454,31.27500883885942,68.72499116114058
Town01_T-Intersection,v_6_1,v_7_4,5,0.4432515718531169,37.65005303315653,62.34994696684347
Town01_T-Intersection,v_6_1,v_7_6,10,0.001,54.20937307982625,45.79062692017375
Town01_T-Intersection,v_6_1,v_7_6,15,0.001,52.80624871988417,47.19375128011583
Town01_T-Intersection,v_6_1,v_7_6,20,0.001,52.104686539913125,47.895313460086875
Town01_T-Intersection,v_6_1,v_7_6,25,0.001,51.6837492319305,48.3162507680695
Town01_T-Intersection,v_6_1,v_7_6,30,0.001,51.40312435994208,48.59687564005792
Town01_T-Intersection,v_6_1,v_7_6,5,0.001,58.4187461596525,41.5812538403475
Town01_T-Intersection,v_6_1,v_7_5,10,0.3137116166215715,43.99551366517546,56.00448633482454
Town01_T-Intersection,v_6_1,v_7_5,15,0.9156193199148537,42.66367577678364,57.33632422321636
Town01_T-Intersection,v_6_1,v_7_5,20,0.933457181675856,41.99775683258773,58.00224316741227
Town01_T-Intersection,v_6_1,v_7_5,25,0.26309246089588667,41.59820546607018,58.40179453392982
Town01_T-Intersection,v_6_1,v_7_5,30,0.6276012653996156,41.33183788839182,58.66816211160818
Town01_T-Intersection,v_6_1,v_7_5,5,0.7357351637445252,47.991027330350924,52.008972669649076
Town01_T-Intersection,v_5_7,v_6_6,10,0.15508629312001593,13.62534747194736,86.37465252805264
Town01_T-Intersection,v_5_7,v_6_6,15,0.3505725861327573,12.416898314631574,87.58310168536843
Town01_T-Intersection,v_5_7,v_6_6,20,0.7492624262595919,11.81267373597368,88.18732626402632
Town01_T-Intersection,v_5_7,v_6_6,25,0.9335042167646279,11.450138988778944,88.54986101122105
Town01_T-Intersection,v_5_7,v_6_6,30,0.786064475541073,11.208449157315787,88.79155084268422
Town01_T-Intersection,v_5_7,v_6_6,5,0.6066551896922395,17.25069494389472,82.74930505610527
Town01_T-Intersection,v_5_7,v_6_2,10,0.20988862946046455,54.209359077693634,45.790640922306366
Town01_T-Intersection,v_5_7,v_6_2,15,0.7029717073374964,52.80623938512909,47.19376061487091
Town01_T-Intersection,v_5_7,v_6_2,20,0.25521190681797556,52.10467953884682,47.89532046115318
Town01_T-Intersection,v_5_7,v_6_2,25,0.33097257198254837,51.683743631077455,48.316256368922545
Town01_T-Intersection,v_5_7,v_6_2,30,0.5026416012201316,51.403119692564545,48.596880307435455
Town01_T-Intersection,v_5_7,v_6_2,5,0.7630023489939134,58.418718155387275,41.581281844612725
Town01_T-Intersection,v_5_7,v_6_4,10,0.5075064189675716,33.825019489805605,66.17498051019439
Town01_T-Intersection,v_5_7,v_6_4,15,0.3198680741537239,32.55001299320374,67.44998700679626
Town01_T-Intersection,v_5_7,v_6_4,20,0.9085055008609716,31.912509744902803,68.0874902550972
Town01_T-Intersection,v_5_7,v_6_4,25,0.4686706445894063,31.53000779592224,68.46999220407776
Town01_T-Intersection,v_5_7,v_6_4,30,0.15398017263136463,31.27500649660187,68.72499350339814
Town01_T-Intersection,v_5_7,v_6_4,5,0.5335896958616545,37.6500389796112,62.3499610203888
Town01_T-Intersection,v_5_7,v_6_5,10,0.844449749446235,23.700855120639368,76.29914487936063
Town01_T-Intersection,v_5_7,v_6_5,15,0.7233759461505762,22.46723674709291,77.53276325290709
Town01_T-Intersection,v_5_7,v_6_5,20,0.4030901687657211,21.850427560319684,78.14957243968031
Town01_T-Intersection,v_5_7,v_6_5,25,0.9642899856856962,21.480342048255746,78.51965795174425
Town01_T-Intersection,v_5_7,v_6_5,30,0.42742113349223587,21.233618373546456,78.76638162645355
Town01_T-Intersection,v_5_7,v_6_5,5,0.2400585478702025,27.40171024127874,72.59828975872126
Town01_T-Intersection,v_5_7,v_6_3,10,0.001,43.995502935174486,56.004497064825514
Town01_T-Intersection,v_5_7,v_6_3,15,0.001,42.66366862344966,57.33633137655034
Town01_T-Intersection,v_5_7,v_6_3,20,0.001,41.99775146758724,58.00224853241276
Town01_T-Intersection,v_5_7,v_6_3,25,0.001,41.59820117406979,58.40179882593021
Town01_T-Intersection,v_5_7,v_6_3,30,0.001,41.331834311724826,58.668165688275174
Town01_T-Intersection,v_5_7,v_6_3,5,0.001,47.99100587034897,52.00899412965103
Town01_T-Intersection,v_5_7,v_6_1,10,0.001,64.46327185487034,35.53672814512966
Town01_T-Intersection,v_5_7,v_6_1,15,0.001,62.975514569913564,37.024485430086436
Town01_T-Intersection,v_5_7,v_6_1,20,0.001,62.23163592743517,37.76836407256483
Town01_T-Intersection,v_5_7,v_6_1,25,0.001,61.785308741948135,38.214691258051865
Town01_T-Intersection,v_5_7,v_6_1,30,0.001,61.48775728495678,38.51224271504322
Town01_T-Intersection,v_5_7,v_6_1,5,0.001,68.92654370974068,31.073456290259315
Town01_T-Intersection,v_5_7,v_6_7,10,0.001,3.600005505385538,96.39999449461446
Town01_T-Intersection,v_5_7,v_6_7,15,0.001,2.4000036702570253,97.59999632974298
Town01_T-Intersection,v_5_7,v_6_7,20,0.001,1.800002752692769,98.19999724730724
Town01_T-Intersection,v_5_7,v_6_7,25,0.001,1.4400022021542151,98.55999779784578
Town01_T-Intersection,v_5_7,v_6_7,30,0.001,1.2000018351285127,98.79999816487148
Town01_T-Intersection,v_5_7,v_6_7,5,0.001,7.200011010771076,92.79998898922892
Town01_T-Intersection,v_6_7,v_7_7,10,0.8200545384347914,3.6000000117725293,96.39999998822748
Town01_T-Intersection,v_6_7,v_7_7,15,0.2938256765635072,2.4000000078483525,97.59999999215165
Town01_T-Intersection,v_6_7,v_7_7,20,0.13409469590135079,1.8000000058862646,98.19999999411374
Town01_T-Intersection,v_6_7,v_7_7,25,0.35713167343144214,1.4400000047090116,98.559999995291
Town01_T-Intersection,v_6_7,v_7_7,30,0.4456849255757369,1.2000000039241763,98.79999999607583
Town01_T-Intersection,v_6_7,v_7_7,5,0.8524861023930213,7.2000000235450585,92.79999997645494
Town01_T-Intersection,v_6_7,v_7_1,10,0.4589776370739963,64.46326374652884,35.53673625347116
Town01_T-Intersection,v_6_7,v_7_1,15,0.7173976813714343,62.97550916435255,37.02449083564745
Town01_T-Intersection,v_6_7,v_7_1,20,0.8452302807323505,62.23163187326442,37.76836812673558
Town01_T-Intersection,v_6_7,v_7_1,25,0.8338327265788091,61.785305498611535,38.214694501388465
Town01_T-Intersection,v_6_7,v_7_1,30,0.7550249239631771,61.48775458217628,38.51224541782372
Town01_T-Intersection,v_6_7,v_7_1,5,0.40012751953998527,68.92652749305766,31.073472506942338
Town01_T-Intersection,v_6_7,v_7_2,10,0.47215476002833523,54.20935161659597,45.79064838340403
Town01_T-Intersection,v_6_7,v_7_2,15,0.3155358310835348,52.806234411063976,47.193765588936024
Town01_T-Intersection,v_6_7,v_7_2,20,0.7830696789516143,52.10467580829798,47.89532419170202
Town01_T-Intersection,v_6_7,v_7_2,25,0.9727303267694138,51.683740646638384,48.316259353361616
Town01_T-Intersection,v_6_7,v_7_2,30,0.8360967476146087,51.40311720553199,48.59688279446801
Town01_T-Intersection,v_6_7,v_7_2,5,0.8410243253792429,58.418703233191934,41.581296766808066
Town01_T-Intersection,v_6_7,v_7_3,10,0.4906793998092972,43.995496022320104,56.004503977679896
Town01_T-Intersection,v_6_7,v_7_3,15,0.5890173887862364,42.66366401488007,57.33633598511993
Town01_T-Intersection,v_6_7,v_7_3,20,0.412576519792193,41.99774801116005,58.00225198883995
Town01_T-Intersection,v_6_7,v_7_3,25,0.24693808358787134,41.59819840892804,58.40180159107196
Town01_T-Intersection,v_6_7,v_7_3,30,0.717513782152108,41.331832007440035,58.668167992559965
Town01_T-Intersection,v_6_7,v_7_3,5,0.3487380280185709,47.99099204464021,52.00900795535979
Town01_T-Intersection,v_6_7,v_7_4,10,0.001,33.82501298747061,66.17498701252939
Town01_T-Intersection,v_6_7,v_7_4,15,0.001,32.550008658313736,67.44999134168626
Town01_T-Intersection,v_6_7,v_7_4,20,0.001,31.912506493735304,68.08749350626469
Town01_T-Intersection,v_6_7,v_7_4,25,0.001,31.53000519498824,68.46999480501177
Town01_T-Intersection,v_6_7,v_7_4,30,0.001,31.275004329156868,68.72499567084313
Town01_T-Intersection,v_6_7,v_7_4,5,0.001,37.650025974941215,62.349974025058785
Town01_T-Intersection,v_6_7,v_7_6,10,0.960429314502315,13.62534163275311,86.3746583672469
Town01_T-Intersection,v_6_7,v_7_6,15,0.22855847290712805,12.416894421835405,87.58310557816459
Town01_T-Intersection,v_6_7,v_7_6,20,0.10393958137127146,11.812670816376555,88.18732918362345
Town01_T-Intersection,v_6_7,v_7_6,25,0.6237910974881149,11.450136653101243,88.54986334689876
Town01_T-Intersection,v_6_7,v_7_6,30,0.3255119742410698,11.208447210917702,88.7915527890823
Town01_T-Intersection,v_6_7,v_7_6,5,0.4740985840937533,17.25068326550622,82.74931673449379
Town01_T-Intersection,v_6_7,v_7_5,10,0.10055779206519828,23.700848962169395,76.2991510378306
Town01_T-Intersection,v_6_7,v_7_5,15,0.39104476071408933,22.467232641446262,77.53276735855374
Town01_T-Intersection,v_6_7,v_7_5,20,0.12705679275515033,21.850424481084698,78.1495755189153
Town01_T-Intersection,v_6_7,v_7_5,25,0.24777887066359672,21.480339584867757,78.51966041513225
Town01_T-Intersection,v_6_7,v_7_5,30,0.9873328206651588,21.23361632072313,78.76638367927687
Town01_T-Intersection,v_6_7,v_7_5,5,0.6066726547057197,27.401697924338787,72.59830207566121
